2021,02,21,19,19,45,730
2021,02,21,19,24,37,987
2021,02,21,19,29,40,118
2021,02,21,19,34,40,139
2021,02,21,19,39,41,977
2021,02,21,19,44,42,84
2021,02,21,19,49,45,7
2021,02,21,19,54,45,221
2021,02,21,19,59,45,109
2021,02,21,20,4,47,223
2021,02,21,20,9,47,773
2021,02,21,20,14,48,800
2021,02,21,20,19,50,882
2021,02,21,20,24,51,3
2021,02,21,20,29,52,370
2021,02,21,20,34,53,210
2021,02,21,20,39,53,265
2021,02,21,20,44,54,105
2021,02,21,20,49,55,800
2021,02,21,20,54,57,650
2021,02,21,20,59,57,408
2021,02,21,21,4,59,313
2021,02,21,21,10,1,370
2021,02,21,21,15,1,520
2021,02,21,21,20,3,6
2021,02,21,21,25,3,198
2021,02,21,21,30,5,172
2021,02,21,21,35,5,215
2021,02,21,21,40,6,92
2021,02,21,21,45,7,380
2021,02,21,21,50,8,737
2021,02,21,21,55,9,738
2021,02,21,22,0,10,292
2021,02,21,22,5,11,562
2021,02,21,22,10,13,490
2021,02,21,22,15,17,224
2021,02,21,22,20,18,584
2021,02,21,22,25,20,574
2021,02,21,22,30,25,267
2021,02,21,22,35,24,292
2021,02,21,22,40,23,783
2021,02,21,22,45,25,892
2021,02,21,22,50,26,55
2021,02,21,22,55,25,738
2021,02,21,23,0,27,515
2021,02,21,23,5,35,303
2021,02,21,23,10,31,216
2021,02,21,23,15,30,735
2021,02,21,23,20,32,995
2021,02,21,23,25,32,970
2021,02,21,23,30,32,316
2021,02,21,23,35,35,284
2021,02,21,23,40,42,860
2021,02,21,23,45,38,82
2021,02,21,23,50,37,665
2021,02,21,23,55,38,348
2021,02,22,0,0,42,229
2021,02,22,0,5,39,930
2021,02,22,0,10,43,642
2021,02,22,0,15,43,367
2021,02,22,0,20,44,963
2021,02,22,0,25,44,480
2021,02,22,0,30,44,635
2021,02,22,0,35,47,287
2021,02,22,0,40,48,357
2021,02,22,0,45,55,373
2021,02,22,0,50,51,169
2021,02,22,0,56,24,265
2021,02,22,1,1,15,674
2021,02,22,1,5,57,434
2021,02,22,1,10,53,400
2021,02,22,1,15,55,666
2021,02,22,1,20,57,852
2021,02,22,1,25,59,213
2021,02,22,1,31,0,223
2021,02,22,1,36,8,171
2021,02,22,1,40,55,191
2021,02,22,1,45,57,71
2021,02,22,1,53,11,66
2021,02,22,1,56,3,226
2021,02,22,2,1,3,693
2021,02,22,2,6,5,899
2021,02,22,2,11,7,939
2021,02,22,2,16,2,972
2021,02,22,2,21,3,759
2021,02,22,2,26,5,263
2021,02,22,2,31,5,327
2021,02,22,2,36,6,839
2021,02,22,2,41,8,259
2021,02,22,2,46,9,300
2021,02,22,2,51,10,506
2021,02,22,2,56,11,301
2021,02,22,3,1,12,136
2021,02,22,3,6,13,516
2021,02,22,3,11,14,406
2021,02,22,3,16,15,134
2021,02,22,3,21,21,71
2021,02,22,3,26,23,763
2021,02,22,3,31,17,481
2021,02,22,3,36,18,819
2021,02,22,3,41,20,413
2021,02,22,3,46,21,228
2021,02,22,3,51,50,53
2021,02,22,3,56,29,86
2021,02,22,4,1,31,140
2021,02,22,4,6,30,673
2021,02,22,4,11,32,33
2021,02,22,4,16,32,641
2021,02,22,4,21,33,696
2021,02,22,4,26,35,936
2021,02,22,4,31,36,467
2021,02,22,4,36,35,981
2021,02,22,4,41,38,95
2021,02,22,4,46,37,568
2021,02,22,4,51,38,585
2021,02,22,4,56,40,72
2021,02,22,5,1,42,125
2021,02,22,5,6,42,810
2021,02,22,5,11,42,368
2021,02,22,5,16,44,428
2021,02,22,5,21,46,532
2021,02,22,5,26,46,830
2021,02,22,5,31,47,467
2021,02,22,5,36,49,421
2021,02,22,5,41,49,169
2021,02,22,5,46,51,614
2021,02,22,5,51,51,232
2021,02,22,5,56,52,170
2021,02,22,6,1,55,443
2021,02,22,6,7,1,52
2021,02,22,6,11,57,81
2021,02,22,6,16,58,552
2021,02,22,6,21,58,668
2021,02,22,6,27,0,24
2021,02,22,6,32,0,261
2021,02,22,6,37,1,841
2021,02,22,6,42,1,887
2021,02,22,6,47,3,929
2021,02,22,6,52,5,407
2021,02,22,6,57,5,553
2021,02,22,7,2,7,617
2021,02,22,7,7,6,902
2021,02,22,7,12,8,507
2021,02,22,7,17,10,535
2021,02,22,7,22,10,830
2021,02,22,7,27,12,925
2021,02,22,7,32,12,929
2021,02,22,7,37,13,880
2021,02,22,7,42,15,980
2021,02,22,7,47,16,87
2021,02,22,7,52,18,168
2021,02,22,7,57,17,599
2021,02,22,8,2,19,772
2021,02,22,8,7,21,134
2021,02,22,8,12,21,396
2021,02,22,8,17,23,544
2021,02,22,8,22,23,810
2021,02,22,8,27,25,68
2021,02,22,8,32,25,96
2021,02,22,8,37,26,673
2021,02,22,8,42,27,996
2021,02,22,8,47,30,873
2021,02,22,8,52,29,614
2021,02,22,8,57,29,885
2021,02,22,9,2,31,826
2021,02,22,9,7,34,320
2021,02,22,9,12,35,28
2021,02,22,9,17,35,604
2021,02,22,9,22,35,820
2021,02,22,9,27,37,115
2021,02,22,9,32,38,57
2021,02,22,9,37,38,840
2021,02,22,9,42,40,279
2021,02,22,9,47,40,424
2021,02,22,9,52,41,886
2021,02,22,9,57,41,992
2021,02,22,10,2,44,615
2021,02,22,10,7,45,686
2021,02,22,10,12,46,225
2021,02,22,10,17,47,769
2021,02,22,10,22,47,329
2021,02,22,10,27,48,592
2021,02,22,10,32,50,747
2021,02,22,10,37,50,997
2021,02,22,10,42,51,949
2021,02,22,10,47,53,444
2021,02,22,10,52,53,932
2021,02,22,10,57,56,98
2021,02,22,11,2,56,11
2021,02,22,11,7,56,304
2021,02,22,11,12,57,731
2021,02,22,11,17,57,944
2021,02,22,11,23,2,31
2021,02,22,11,28,1,409
2021,02,22,11,33,2,985
2021,02,22,11,38,3,158
2021,02,22,11,43,4,486
2021,02,22,11,48,4,84
2021,02,22,11,53,5,985
2021,02,22,11,58,8,193
2021,02,22,12,3,8,403
2021,02,22,12,8,8,471
2021,02,22,12,13,10,45
2021,02,22,12,18,11,351
2021,02,22,12,23,11,623
2021,02,22,12,28,13,644
2021,02,22,12,33,15,24
2021,02,22,12,38,14,743
2021,02,22,12,43,17,201
2021,02,22,12,48,18,696
2021,02,22,12,53,19,11
2021,02,22,12,58,20,465
2021,02,22,13,3,20,578
2021,02,22,13,8,18,946
2021,02,22,13,13,22,82
2021,02,22,13,18,23,622
2021,02,22,13,23,25,870
2021,02,22,13,28,25,760
2021,02,22,13,33,27,372
2021,02,22,13,38,27,476
2021,02,22,13,43,29,564
2021,02,22,13,48,28,985
2021,02,22,13,53,31,134
2021,02,22,13,58,29,920
2021,02,22,14,3,32,634
2021,02,22,14,8,34,795
2021,02,22,14,13,36,469
2021,02,22,14,18,37,735
2021,02,22,14,23,38,23
2021,02,22,14,28,38,41
2021,02,22,14,33,50,404
2021,02,22,14,38,40,379
2021,02,22,14,44,50,192
2021,02,22,14,48,37,910
2021,02,22,14,53,38,936
2021,02,22,14,58,39,943
2021,02,22,15,3,41,246
2021,02,22,15,8,41,112
2021,02,22,15,13,42,798
2021,02,22,15,18,43,629
2021,02,22,15,23,44,650
2021,02,22,15,28,46,217
2021,02,22,15,33,46,682
2021,02,22,15,38,46,779
2021,02,22,15,43,48,592
2021,02,22,15,48,55,278
2021,02,22,15,53,55,491
2021,02,22,15,58,57,544
2021,02,22,16,3,58,917
2021,02,22,16,8,59,156
2021,02,22,16,13,59,192
2021,02,22,16,19,12,934
2021,02,22,16,24,2,338
2021,02,22,16,29,4,434
2021,02,22,16,34,1,912
2021,02,22,16,39,5,933
2021,02,22,16,44,6,562
2021,02,22,16,49,6,317
2021,02,22,16,54,8,196
2021,02,22,16,59,9,683
2021,02,22,17,4,11,831
2021,02,22,17,9,13,306
2021,02,22,17,14,9,628
2021,02,22,17,19,12,894
2021,02,22,17,24,14,366
2021,02,22,17,29,16,356
2021,02,22,17,34,17,128
2021,02,22,17,39,16,631
2021,02,22,17,44,18,206
2021,02,22,17,49,19,765
2021,02,22,17,54,19,762
2021,02,22,17,59,21,248
2021,02,22,18,4,21,920
2021,02,22,18,9,23,322
2021,02,22,18,14,21,742
2021,02,22,18,19,35,352
2021,02,22,18,24,21,545
2021,02,22,18,29,23,191
2021,02,22,18,34,23,753
2021,02,22,18,39,25,214
2021,02,22,18,44,30,926
2021,02,22,18,49,32,293
2021,02,22,18,54,33,622
2021,02,22,18,59,34,671
2021,02,22,19,4,39,519
2021,02,22,19,9,35,354
2021,02,22,19,15,46,249
2021,02,22,19,19,32,157
