2239
2026
2214
1808
2025
2261
1266
1468
1686
1887
2108
2343
2561
2779
3013
2001
1404
1624
1861
2078
2313
2579
2752
2989
1976
1397
1617
1836
2070
2290
2509
2744
1718
1136
1358
1592
1811
2032
2269
2488
2724
1711
1118
1351
1569
1788
2023
2243
2462
2697
2916
3137
2124
1543
1761
1983
2234
2456
2676
2895
3114
2118
1522
1757
1962
2199
2421
2658
2878
1880
1284
1505
1727
1964
2184
2403
2640
2858
1847
1253
1488
1708
1943
2164
2385
2623
1613
1037
1257
1476
1714
1934
2154
2389
2594
2831
3054
2043
1466
1687
1924
2144
2379
2600
2819
3040
2031
1451
1670
1890
2125
2347
2585
2806
1810
1230
1434
1656
1892
2114
2336
2572
2791
1779
1184
1419
1640
1875
2095
2318
2553
1543
948
1183
1404
1623
1843
2078
2300
2539
2760
2995
3217
2206
1628
1849
2071
2293
2531
2750
2986
1975
1384
1606
1841
2060
2278
2517
2736
2957
1962
1367
1588
1843
2049
2269
2505
2724
1715
1137
1356
1576
1812
2034
2272
2491
2713
1718
1124
1347
1566
1802
2023
2252
2476
2696
2935
3156
2144
1549
1786
2008
2244
2465
2687
2909
1900
1322
1542
1778
2001
2219
2455
2677
2897
1901
1308
1530
1766
1986
2222
2441
2663
1653
1076
1298
1536
1755
1975
2197
2435
2656
1659
1060
1282
1502
1740
1961
2181
2417
2639
2876
3096
2101
1488
1724
1946
2181
2400
2620
2856
3078
2066
1471
1706
1926
2195
2383
2602
2822
1842
3279
2284
1689
1990
2180
2401
2639
2859
1847
1220
3502
2511
1900
2135
2357
2576
1567
988
1208
1443
1662
1898
2119
2341
2563
2801
3023
3257
2247
1654
1890
2111
2331
2553
2791
3011
2000
1422
1644
1866
2101
2340
2543
2785
1795
1190
1431
1658
1885
2128
2355
2597
2840
1834
1226
1468
1692
1934
2157
2383
2606
1597
1020
1261
1485
1708
1949
2174
2415
2639
2862
3086
2094
1502
1727
1951
2188
2412
2650
2873
3096
2087
1509
1731
1970
2194
2415
2637
2873
1865
1271
1510
1732
1953
2190
2413
2650
1640
1048
1271
1524
1732
1971
2194
2416
2639
1645
1050
1288
1509
1747
1968
2190
2426
2649
2871
3110
2101
1509
1730
1951
2190
2410
2649
2870
3107
2099
1506
1727
1963
2202
2407
2646
2863
1852
1257
1493
1714
1951
2172
2394
2633
2854
1845
1266
1490
1712
1951
2172
2396
2635
1625
1047
1272
1496
1732
1953
2175
2411
2648
2852
3093
2082
1489
1712
1950
2186
2391
2646
2854
3093
2082
1488
1711
1946
2167
2390
2627
2850
1855
1262
1486
1707
1943
2167
2405
2628
2849
1857
1264
1484
1721
1943
2163
2385
2622
1614
1037
1260
1480
1717
1938
2175
2396
2619
2855
3078
2069
1474
1695
1934
2157
2396
2621
2841
3077
2066
1474
1711
1934
2156
2377
2616
2837
1843
1247
1467
1704
1924
2147
2384
2605
2828
1835
1240
1464
1701
1923
2144
2380
2604
1593
999
1236
1473
1696
1916
2155
2376
2597
2836
3057
2046
1451
1659
1908
2131
2369
2589
2828
3050
2040
1464
3733
2724
2129
2365
2589
2809
1816
1223
1444
1681
1901
2121
2361
2585
2839
1829
1218
1438
1691
1895
2134
2357
2579
1568
992
3261
2266
1674
1898
2133
2357
2577
2814
3035
2026
1433
1672
1893
2130
2350
2588
2811
3034
2025
1432
1672
1892
2113
2350
2571
2807
1797
1203
1438
1659
1880
2118
2339
2561
2798
1771
1193
1413
1650
1871
2107
2328
2550
1539
961
1183
1422
1642
1877
2101
2323
2560
2781
3004
3227
2216
1637
1876
2099
2320
2557
2762
2996
1983
1386
1623
1842
2061
2295
2513
2732
2969
1972
1377
1596
1816
2054
2275
2494
2731
1721
1127
1345
1583
1804
2040
2258
2479
2714
1702
1123
1342
1564
1801
2023
2242
2478
2697
2919
3154
2142
1548
1769
2005
2226
2462
2683
2918
1906
1310
1530
1750
1986
2207
2427
2663
2885
1890
1295
1515
1753
1973
2193
2429
2650
2872
1863
1287
1505
1743
1963
2185
2407
2643
1634
1057
1276
1512
1716
1968
2190
2410
2632
2851
3087
2076
1480
1702
1939
2162
2401
2622
2844
3064
2068
1475
1695
1931
2153
2374
2611
2833
1839
1244
1464
1702
1940
2145
2367
2605
2825
1830
1236
1456
1695
1915
2137
2376
2599
1586
1009
1231
1467
1687
1907
2146
2368
2588
2826
3048
2039
1460
1682
1904
2140
2362
2583
2802
3041
2030
1438
1674
1894
2117
2369
2573
2793
1800
1204
1443
1664
1884
2123
2345
2564
2803
1791
1195
1434
1655
1876
2112
2334
2555
1559
980
1203
1424
1645
1884
2106
2328
2563
2784
3004
3240
2231
1637
1858
2096
2335
2557
2780
3004
1995
1400
1636
1857
2093
2313
2533
2756
2992
1999
1405
1625
1847
2085
2306
2528
2766
1756
1162
1398
1621
1844
2080
2299
2519
2739
1741
1160
1377
1597
1830
2048
2269
2501
2719
2937
3171
2160
1565
1786
2019
2239
2460
2697
2917
1904
1325
1545
1763
2000
2218
2441
2659
2894
1898
1304
1522
1743
1978
2197
2434
2654
1641
1046
1280
1501
1720
1957
2179
2399
2636
1626
1047
1268
1490
1725
1946
2167
2389
2626
2845
3084
2074
1478
1696
1932
2154
2372
2604
2823
3044
2050
1454
1673
1910
2129
2366
2585
2805
1809
1212
1434
1653
1888
2110
2345
2565
2786
1790
1195
1414
1651
1873
2095
2315
2550
1540
946
1182
1418
1637
1859
2096
2315
2536
2774
2995
3217
2205
1608
1847
2069
2288
2526
2749
2985
1976
1380
1616
1837
2075
2295
2532
2735
2973
1978
1366
1601
1821
2040
2278
2497
2736
1724
1131
1352
1572
1810
2048
2268
2487
2706
1710
1116
1353
1575
1795
2034
2255
2477
2715
2937
3157
2147
1569
1791
2011
2246
2468
2703
2926
1917
1337
1557
1776
1999
2234
2456
2692
2912
1902
1309
1545
1765
2001
2223
2443
2681
1667
1072
1295
1528
1750
1989
2207
2425
2662
1651
1071
1291
1511
1730
1966
2186
2424
2645
2864
3102
2091
1497
1719
1957
2179
2414
2636
2857
3093
2082
1492
1714
1952
2177
2401
2639
2864
1872
1279
1501
1739
1961
2183
2419
2639
2855
1853
1276
1498
1740
1962
2186
2424
2647
1636
1058
1281
1502
1723
1962
2186
2425
2645
2867
3088
2096
1502
1723
1963
2183
2408
2645
2868
3108
2099
1505
1728
1965
2205
2412
2649
2873
1878
1286
1507
1744
1965
2188
2428
2649
1640
1062
1285
1520
1731
1965
2189
2427
2650
1642
1065
1289
1525
1748
1971
2210
2431
2653
2874
3111
2100
1506
1728
1968
2204
2425
2663
2884
3105
2095
1503
1723
1962
2185
2408
2645
2868
1873
1279
1499
1736
1958
2179
2415
2637
2856
1846
1285
1490
1729
1951
2190
2409
2633
1625
1048
1268
1489
1727
1947
2184
2405
2628
2849
3087
2078
1483
1720
1943
2165
2404
2627
2849
3085
2075
1479
1716
1936
2157
2393
2616
2838
1846
1251
1474
1710
1931
2151
2387
2614
2830
1836
1244
1465
1704
1924
2162
2382
2605
1596
1017
1240
1461
1697
1920
2142
2396
2604
2841
3064
2055
1460
1697
1917
2156
2378
2599
2819
3057
2049
1456
1692
1912
2151
2371
2595
2814
1822
1228
1465
1688
1910
2149
2371
2593
2816
1820
1225
1448
1686
1907
2145
2366
2601
1594
1000
1236
1455
1677
1915
2137
2358
2596
2818
3040
2032
1437
1671
1893
2129
2350
2572
2809
3027
2018
1438
1660
1880
2119
2338
2560
2795
1800
1190
1428
1649
1870
2105
2326
2562
2783
1772
1178
1414
1636
1874
2096
2334
2540
1546
965
1187
1409
1631
1851
2087
2309
2547
2767
3003
3223
2211
1616
1836
2071
2291
2513
2749
2969
1956
1378
1597
1836
2056
2277
2497
2733
2955
1961
1369
1590
1829
2049
2271
2509
2732
1723
1146
1368
1588
1826
2048
2267
2506
2728
1719
1140
1376
1596
1819
2041
2263
2499
2722
2945
3180
2171
1576
1813
2035
2258
2480
2716
2936
1923
1347
1569
1807
2027
2247
2483
2703
2923
1929
1335
1555
1794
2015
2254
2476
2696
1687
1107
1329
1567
1788
2004
2242
2465
2685
1676
1098
1319
1555
1776
1999
2218
2455
2678
2897
3135
2126
1531
1768
1992
2228
2450
2672
2895
3133
2122
1529
1767
1989
2211
2450
2688
2893
1898
1303
1540
1761
1983
2205
2442
2665
1654
1075
1295
1533
1754
1974
2212
2434
2657
1648
1069
1307
1513
1750
1972
2211
2431
2653
2891
3114
2103
1526
1746
1968
2207
2429
2666
2887
3109
2100
1506
1743
1979
2201
2421
2642
2861
1867
1271
1489
1727
1947
2181
2403
2624
2859
1849
1252
1488
1709
1930
2166
2388
2607
1596
1016
1254
1473
1695
1933
2153
2392
2613
2836
3057
2063
1453
1689
1909
2145
2364
2599
2819
3055
2028
1449
1668
1888
2124
2345
2581
2803
1793
1197
1435
1671
1893
2112
2331
2567
2789
1777
1182
1419
1639
1876
2098
2318
2553
1542
965
1186
1405
1625
1861
2082
2302
2538
2760
2996
3217
2208
1615
1850
2071
2306
2529
2750
2987
1978
1384
1604
1840
2062
2284
2522
2744
2964
1971
1377
1613
1835
2057
2293
2513
2737
1742
1149
1368
1606
1826
2046
2282
2502
2738
1731
1140
1376
1595
1832
2054
2276
2498
2734
2954
3174
2162
1569
1804
2024
2261
2483
2721
2939
1931
1336
1556
1792
2030
2250
2470
2692
2930
1919
1325
1561
1782
2019
2239
2459
2696
1680
1085
1306
1543
1765
1985
2223
2445
2681
1672
1077
1314
1537
1772
1994
2216
2452
2675
2912
3133
2108
1530
1770
1991
2211
2449
2672
2894
3114
3353
2341
1746
1962
2198
2418
2655
2877
1882
1286
1508
1731
1969
2191
2426
2649
1622
1042
1278
1502
1723
1961
2183
2404
2642
1631
1035
1271
1494
1732
1955
2175
2396
2632
2852
3072
2077
1500
1704
1940
2160
2396
2619
2841
3064
2069
1473
1696
1934
2156
2377
2623
2854
1843
1248
1470
1708
1931
2150
2389
2609
2831
1820
1242
1461
1683
1921
2144
2380
2602
1591
1012
1232
1470
1692
1915
2135
2355
2590
2830
3051
2042
1448
1685
1905
2128
2366
2588
2810
3049
2040
1441
1664
1900
2138
2358
2581
2801
1805
1213
1434
1671
1889
2127
2350
2572
2810
1785
1206
1428
1665
1900
2106
2343
2565
1556
979
1217
1440
1662
1882
2103
2339
2559
2797
3019
3257
2232
1654
1877
2113
2333
2554
2788
3008
1997
1403
1641
1861
2083
2322
2545
2781
3001
2007
1412
1632
1851
2091
2313
2535
2774
1765
1169
1390
1626
1846
2084
2307
2528
1536
944
1182
1402
1624
1862
2067
2305
2544
2766
3004
3223
2213
1620
1856
2078
2300
2537
2759
2982
1972
1379
1615
1837
2075
2296
2518
2756
2979
1983
1391
1610
1846
2067
2287
2523
2743
1732
1139
1376
1598
1836
2058
2281
2517
1509
929
1153
1374
1613
1835
2059
2298
2518
2740
2976
3198
3418
2409
3877
2867
2274
2495
2732
2953
1944
1367
1589
1826
2061
2281
2500
2724
2945
1952
1356
1576
1811
2030
2252
2489
2709
1697
1102
1337
1573
1797
2017
2238
2476
2697
1704
1108
1330
1568
1787
2009
2247
2469
2689
2924
3147
2135
1540
1779
2001
2223
2458
2678
2898
1905
1327
1531
1769
1986
2224
2449
2671
2893
1899
1306
1544
1766
1988
2223
2444
2662
1653
1092
1295
1534
1754
1977
2214
2436
2657
1663
1069
1307
1510
1762
1985
2206
2426
2646
2882
3104
2093
1515
1737
1975
2195
2415
2635
2855
3091
2082
1487
1722
1943
2162
2401
2639
2859
1865
1270
1490
1726
1930
2184
2390
2610
2846
1837
1243
1482
1704
1927
2161
2384
2604
1611
1016
1254
1477
1697
1933
2172
2376
2596
2835
3055
2060
1467
1687
1925
2145
2367
2588
2823
3062
2036
1458
1680
1900
2138
2360
2581
2816
1807
1228
1448
1670
1908
2130
2350
2588
2811
1829
1219
1439
1661
1897
2117
2337
2559
1566
969
1208
1429
1667
1889
2109
2345
2565
2787
3022
3244
3466
2473
1893
2098
2334
2555
2776
2998
2004
1410
1631
1868
2090
2312
2534
2772
2995
3230
2221
1643
1866
2088
2326
2551
2773
1764
1185
1405
1624
1860
2083
2303
2542
1531
952
1174
1397
1630
1853
2089
2311
2533
2771
2994
3216
2207
1612
1848
2071
2291
2529
2766
2988
1979
1386
1624
1845
2064
2303
2522
2745
2965
1972
1379
1615
1837
2074
2310
2516
2755
1745
1150
1370
1607
1827
2063
2285
2505
2728
1735
1141
1379
1601
1839
2062
2284
2523
2745
2965
3204
2195
1599
1822
2042
2294
2515
2736
2956
1945
1350
1588
1810
2033
2271
2493
2716
2955
1943
1350
1589
1810
2048
2269
2490
2726
1717
1122
1360
1580
1803
2038
2259
2481
2701
1706
1112
1367
1571
1807
2027
2247
2482
2705
2928
3164
2169
1557
1777
2013
2234
2469
2691
2912
1901
1323
1544
1766
2002
2224
2444
2680
2900
1907
1311
1533
1772
1993
2213
2452
2671
1663
1067
1305
1527
1748
1984
2203
2442
2662
1653
1058
1294
1533
1754
1976
2215
2437
2658
2880
3117
2107
1512
1732
1969
2202
2422
2642
2865
3103
2092
1497
1719
1956
2176
2398
2635
2854
1859
1266
1504
1724
1946
2182
2403
2623
2859
1832
1254
1477
1715
1934
2160
2397
2619
1610
1033
1256
1492
1714
1937
2175
2395
2618
2854
3076
2064
1470
1705
1942
2164
2385
2623
2845
3066
2054
1459
1695
1915
2135
2371
2609
2832
1839
1229
1465
1685
1906
2144
2367
2588
2827
1817
1222
1443
1679
1901
2138
2361
2598
1589
994
1237
1457
1679
1919
2140
2360
2599
2820
3041
2031
1436
1675
1897
2133
2356
2596
2815
3039
2028
1449
1672
1892
2129
2352
2575
2813
1803
1226
1446
1668
1906
2125
2348
2588
2809
1799
1206
1445
1666
1886
2125
2347
2586
1577
984
1222
1445
1683
1904
2126
2345
2570
2807
3043
2016
1437
1659
1898
2134
2342
2579
2802
3022
2027
1432
1658
1880
2119
2341
2579
2800
1805
1212
1436
1657
1894
2115
2335
2574
2811
1801
1192
1431
1653
1889
2110
2346
2569
1560
982
1205
1428
1663
1884
2104
2344
2563
2787
3006
3242
2232
1652
1875
2095
2334
2555
2775
2997
1988
1410
1634
1870
2093
2313
2550
2772
2995
1999
1405
1641
1861
2082
2321
2538
2758
1748
1169
1389
1608
1848
2084
2304
2525
2761
1750
1157
1393
1613
1834
2070
2293
2513
2733
2969
3192
2181
1586
1820
2044
2266
2505
2726
2965
1954
1360
1583
1819
2041
2263
2499
2735
2956
1946
1351
1587
1809
2032
2268
2491
2713
1704
1126
1347
1584
1803
2039
2260
2482
2704
1711
1116
1352
1574
1797
2018
2257
2479
2700
2936
3157
2147
1569
1788
2007
2243
2468
2700
2921
1912
1316
1554
1773
2011
2230
2453
2688
2909
1912
1319
1538
1759
1996
2219
2438
2660
1664
1070
1293
1530
1767
1990
2209
2432
2667
1658
1078
1300
1523
1741
1977
2198
2436
2656
2876
3112
2100
1507
1728
1963
2182
2405
2642
2862
3085
2075
1497
1719
1957
2177
2397
2633
2853
1859
1266
1486
1722
1942
2162
2397
2618
2837
1826
1249
1468
1706
1927
2146
2384
2606
1595
1017
3286
2275
1696
1916
2153
2374
2612
2833
3052
3274
2265
1669
1905
2143
2366
2585
2808
3027
2033
1437
1660
1897
2117
2356
2577
2797
1802
1207
1430
1665
1887
2109
2347
2567
2803
1793
1199
1422
1660
1882
2104
2345
2562
1569
974
1194
1433
1654
1875
2095
2331
2554
2789
3009
3248
2239
1643
1881
2101
2323
2545
2767
3005
1994
1400
1637
1874
2079
2314
2535
2757
2992
1983
1406
1626
1847
2083
2303
2524
2759
1748
1169
1390
1612
1834
2073
2295
2533
1522
927
1163
1383
1605
1843
2066
2286
2524
2747
2966
3205
2195
1600
1822
2061
2281
2501
2737
2959
1947
1368
1590
1812
2050
2271
2493
2732
2954
1943
1364
1583
1822
2041
2264
2502
2724
1729
1135
1355
1576
1814
2034
2256
2476
2712
1703
1125
1345
1582
1788
2040
2260
2481
2702
2940
3162
2153
1560
1781
2019
2241
2463
2702
2940
1913
1335
1555
1792
2014
2250
2472
2709
2913
1921
1324
1547
1786
2006
2228
2464
2687
1678
1097
1320
1540
1776
1996
2216
2453
2675
1663
1087
1308
1528
1767
2003
2225
2445
2666
2902
3124
3346
2351
1756
1978
2197
2437
2656
2893
3115
2103
1526
1746
1982
2188
2442
2646
2882
1888
1278
1516
1738
1960
2197
2416
2637
1642
1046
1284
1504
1724
1944
2180
2400
2620
1609
1032
1254
1490
1710
1933
2169
2392
2613
2851
3069
2076
1480
1702
1941
2164
2384
2619
2840
3075
2066
1473
1693
1915
2136
2371
2593
2829
3049
2057
1463
1685
1924
2145
2364
2602
2822
1811
1218
1454
1675
1901
2135
2356
2579
1579
1003
1208
1444
1680
1900
2121
2359
2579
2799
3020
3258
2246
1653
1889
2111
2334
2570
2792
3030
2017
1422
1644
1864
2101
2323
2558
2778
2998
2003
1407
1645
1867
2106
2326
2546
2767
1773
1178
1398
1636
1859
2079
2301
2537
1528
951
1173
1393
1629
1851
2089
2311
2533
2771
2976
3214
2205
1611
1846
2081
2300
2520
2741
2978
1966
1373
1609
1829
2051
2270
2508
2730
2968
1959
1366
1602
1825
2044
2280
2500
2736
1727
1133
1369
1589
1809
2031
2269
2489
2727
1715
1137
1360
1582
1820
2042
2262
2498
2718
2940
3176
2164
1570
1792
2030
2251
2472
2710
2930
1921
1324
1561
1782
2005
2241
2463
2701
2925
1928
1329
1551
1772
2008
2230
2452
2689
1681
1087
1323
1543
1765
1987
2225
2463
2685
1675
1098
1320
1555
1775
2013
2217
2453
2678
2898
3118
2122
1529
1749
1987
2225
2445
2667
2903
3123
2113
1518
1738
1976
2198
2418
2654
2875
1863
1286
1506
1742
1964
2185
2420
2643
1633
1039
1276
1496
1716
1951
2190
2412
2634
1624
1046
1268
1506
1726
1948
2170
2409
2631
2867
3089
2080
1484
1721
1941
2163
2399
2621
2859
3081
2071
1474
1694
1933
2153
2388
2609
2831
1838
1258
1481
1701
1923
2162
2381
2603
2839
1811
1231
1470
1691
1910
2149
2373
2593
1583
1005
1228
1464
1686
1924
2128
2366
2604
2827
3046
2037
1459
1680
1900
2138
2360
2581
2819
3041
2032
1436
1674
1897
2134
2356
2579
2816
1804
1210
1448
1669
1891
2129
2351
2571
2807
1796
1201
1438
1658
1896
2119
2356
2560
1564
971
1194
1430
1651
1887
2110
2330
2550
2786
3006
3242
2231
1637
1856
2094
2332
2537
2788
3010
1999
1389
1628
1850
2086
2308
2529
2769
2991
1998
1403
1623
1846
2085
2306
2529
2765
1754
1161
1396
1619
1857
2079
2301
2521
1528
934
1173
1395
1613
1835
2071
2291
2511
2749
2986
3206
2194
1599
1821
2057
2279
2518
2740
2962
1954
1374
1596
1832
2055
2277
2515
2736
2957
1963
1368
1590
1826
2048
2270
2492
2730
1720
1123
1362
1583
1818
2038
2259
2494
2717
1708
1130
1352
1575
1811
2035
2270
2490
2710
2930
3167
2156
1562
1799
2019
2239
2459
2695
2931
1906
1329
1565
1788
2008
2228
2465
2688
2910
1915
1322
1542
1778
1998
2236
2458
2678
1669
1090
1312
1546
1766
1987
2222
2443
2666
1674
1078
1314
1534
1756
1992
2211
2434
2672
2894
3116
2108
1530
1752
1991
2213
2433
2654
2889
3113
2104
1510
1749
1969
2204
2426
2647
2883
1874
1278
1516
1738
1958
2194
2413
2635
2871
1862
1267
1521
1727
1966
2187
2408
2628
1633
1037
1258
1497
1718
1939
2175
2395
2632
2852
3089
2079
1485
1707
1945
2165
2385
2610
2847
3069
3306
2295
1703
1925
2164
2387
2623
2844
1849
1258
1479
1702
1941
2163
2387
2620
2843
1835
1256
1476
1696
1935
2156
2378
2616
1608
1031
1253
1476
1713
1935
2155
2378
2632
2836
3057
2063
1469
1689
1928
2149
2387
2610
2833
3053
2058
1465
1685
1921
2143
2364
2601
2823
1830
1237
1458
1696
1919
2139
2359
2598
2820
1825
1229
1465
1688
1911
2133
2372
2594
1584
1007
1230
1470
1689
1909
2146
2368
2589
2825
3045
2036
1441
1663
1899
2138
2360
2580
2800
3037
2026
1432
1671
1891
2114
2349
2572
2793
1799
1204
1427
1663
1885
2107
2346
2566
2802
1791
1198
1418
1655
1876
2112
2332
2554
1546
968
1190
1410
1647
1883
2105
2325
2563
2784
3006
3244
2233
1638
1858
2094
2314
2551
2773
2993
1981
1389
1628
1850
2072
2308
2531
2753
1761
1165
1386
1623
1844
2080
2302
2525
2779
1770
1158
1397
1619
1855
2075
2295
2515
2753
1745
1149
1382
1602
1842
2061
2281
2517
2737
2957
3195
2183
1588
1808
2046
2269
2507
2727
2949
1938
1358
1578
1798
2034
2254
2476
2712
2932
1923
1345
1567
1787
2023
2244
2483
2702
1693
1116
1336
1574
1794
2015
2234
2472
2693
1683
1088
1341
1546
1783
2005
2240
2459
2679
2917
3138
2128
1534
1770
1989
2211
2449
2670
2890
3128
2117
1522
1757
1979
2201
2437
2658
2880
1886
1291
1512
1748
1970
2208
2428
2649
1654
1058
1280
1516
1734
1956
2179
2417
2654
1629
1051
1288
1509
1728
1950
2184
2404
2640
2864
3082
2089
1477
1715
1937
2175
2393
2616
2852
3071
2060
1466
1704
1924
2158
2379
2599
2838
1827
1233
1471
1691
1927
2149
2369
2605
2826
1814
1219
1456
1678
1898
2134
2355
2592
1581
988
1223
1445
1683
1905
2127
2365
2586
2807
3044
3263
2254
1658
1896
2115
2353
2573
2793
3031
2020
1441
1648
1888
2106
2328
2550
2788
1795
1201
1421
1640
1892
2096
2318
2554
2774
1762
1185
1405
1625
1861
2081
2301
2537
1525
948
1167
1390
1609
1845
2064
2300
2522
2758
2962
3200
2188
1593
1829
2064
2284
2506
2728
2966
1957
1365
1602
1824
2046
2266
2518
2725
2963
1969
1376
1598
1820
2040
2278
2501
2721
1725
1132
1352
1574
1810
2046
2266
2489
2710
1715
1121
1343
1581
1803
2041
2261
2483
2719
2939
3159
2149
1572
1794
2032
2252
2474
2711
2930
1919
1326
1562
1783
2005
2244
2463
2702
2922
1929
1333
1568
1773
2012
2230
2453
2691
1680
1085
1307
1545
1767
2004
2224
2462
2684
1676
1098
1318
1540
1763
1999
2222
2458
2678
2900
3120
2126
1530
1752
2007
2211
2431
2669
2905
3126
2101
1522
1745
1982
2203
2426
2662
2884
1890
1296
1519
1756
1978
2201
2437
2659
1650
1054
1293
1515
1751
1971
2207
2429
2651
1640
1062
1284
1522
1743
1962
2182
2405
2642
2864
3102
2093
1499
1737
1959
2197
2418
2638
2858
3094
2085
1492
1713
1950
2170
2406
2625
2848
1868
1257
1477
1712
1935
2173
2395
2618
2856
1845
1249
1472
1705
1925
2147
2383
2605
1611
1017
1239
1474
1695
1933
2153
2375
2612
2835
3057
2046
1451
1687
1908
2144
2367
2587
2825
3047
2036
1443
1681
1903
2142
2362
2581
2819
1825
1231
1451
1687
1891
2142
2348
2586
2808
1797
1203
1439
1663
1900
2135
2341
2579
1567
971
1207
1429
1651
1888
2108
2328
2566
2786
3024
3246
2237
1641
1880
2100
2320
2558
2778
3015
1989
1410
1631
1870
2090
2310
2548
2770
2992
1997
1403
1626
1861
2082
2301
2539
2761
1752
1157
1394
1617
1855
2075
2310
2529
2748
1751
1154
1373
1591
1828
2047
2282
2503
2723
2957
3194
2184
1571
1808
2027
2264
2482
2720
2925
1929
1334
1569
1791
2011
2248
2468
2687
2925
1914
1320
1554
1774
1996
2230
2452
2671
1659
1079
1300
1536
1755
1975
2210
2430
2651
1656
1061
1281
1516
1738
1973
2176
2412
2649
2869
3091
2081
1503
1720
1958
2163
2416
2622
2857
3079
2070
1492
1713
1930
2168
2390
2610
2845
1851
1258
1479
1701
1939
2161
2380
2618
2840
1830
1237
1472
1694
1932
2154
2391
2613
1601
1005
1243
1465
1701
1922
2142
2378
2600
2819
3057
2050
1452
1672
1907
2126
2346
2567
2804
3041
2014
1435
1656
1877
2113
2334
2556
2794
1798
1236
1474
1648
1886
2107
2343
2562
2784
1774
1195
1416
1635
1871
2094
2331
2553
1541
964
1186
1407
1645
1865
2084
2322
2542
2764
3000
3221
2209
1614
1849
2071
2291
2529
2764
2986
1977
1383
1621
1841
2061
2280
2516
2738
2958
1966
1372
1608
1830
2050
2288
2510
4778
921
1130
1362
1600
1820
2039
2260
2495
2730
1706
1126
1346
1584
1806
2042
2277
2481
2703
2941
3161
2168
1573
1794
2014
2250
2486
2690
2942
1933
1324
1545
1781
2002
2240
2461
2685
2921
1910
1333
1556
1779
1999
2238
2460
2699
1688
1091
1330
1551
1774
2011
2231
2452
2674
1679
1102
1322
1542
1779
2001
2222
2458
2680
2903
3140
2127
1534
1757
1977
2213
2452
2672
2892
3113
2119
1542
1746
1982
2205
2427
2648
2886
1891
1282
1518
1757
1977
2200
2436
2656
2878
1883
1290
1512
1735
1971
2193
2417
2652
1641
1061
1284
1504
1742
1964
2204
2425
2645
2865
3101
2089
1497
1716
1952
2188
2410
2633
2853
3089
2080
1486
1706
1944
2166
2387
2623
2843
1848
1255
1490
1697
1935
2155
2407
2614
2836
1843
1248
1468
1706
1929
2149
2386
2608
1599
1019
1241
1480
1700
1923
2159
2381
2601
2823
3061
2052
1459
1693
1913
2148
2371
2610
2814
3050
2040
1443
1684
1905
2127
2363
2583
2823
1812
1215
1455
1693
1898
2133
2353
2574
2812
1787
1210
1446
1665
1885
2108
2345
2584
1557
977
1214
1435
1655
1876
2112
2332
2568
2789
3009
3229
2218
1635
1871
2093
2315
2538
2776
2997
1987
1391
1627
1850
2072
2308
2530
2770
2990
1996
1402
1622
1861
2082
2305
2543
2763
1753
1155
1392
1612
1834
2071
2292
2515
2752
1741
1163
1384
1624
1845
2067
2305
2528
2751
2975
3194
2200
1607
1846
2069
2292
2530
2752
2991
1981
1388
1611
1832
2069
2290
2512
2748
2969
1976
1381
1619
1839
2076
2297
2519
2738
1728
1133
1371
1608
1831
2054
2293
2515
1506
926
1147
1369
1605
1828
2050
2290
2510
2731
2952
3191
2180
1586
1825
2048
2270
2509
2730
2967
1957
1361
1582
1821
2041
2262
2499
2719
2955
1945
1352
1605
1810
2033
2271
2492
2714
1703
1124
1345
1581
1802
2025
2261
2481
2701
1706
1109
1332
1570
1791
2029
2250
2471
2693
2929
3149
2141
1564
1786
2007
2245
2466
2702
2923
1912
1318
1555
1777
1998
2235
2456
2677
2916
1922
1329
1552
1791
2013
2249
2455
2692
1697
1085
1308
1544
1765
2003
2226
2446
2684
1691
1096
1316
1539
1761
1984
2222
2445
2665
2901
3138
2110
1531
3814
2803
2211
2447
2669
2893
3114
2105
1529
1746
1982
2204
2427
2663
2885
1876
1299
1521
1743
1978
2201
2420
2659
1650
1055
1291
1513
1736
1972
2192
2430
2650
1639
1044
1280
1502
1739
1959
2180
2418
2640
2861
3097
2087
1495
1733
1955
2178
2414
2634
2856
3077
2082
1488
1709
1945
2168
2389
2627
2849
1854
1259
1479
1717
1934
2154
2375
2612
2835
1828
1252
1471
1710
1930
2151
2389
2610
1598
1020
1241
1478
1682
1918
2141
2379
2602
2840
3063
2050
1458
1695
1915
2151
2358
2596
2814
3053
2042
1449
1687
1909
2131
2368
2588
2826
1818
1223
1443
1680
1902
2122
2359
2579
2815
1806
1212
1436
1674
1896
2128
2349
2569
1576
981
1216
1438
1661
1882
2118
2338
2577
2797
3019
3258
2247
1652
1874
2112
2335
2555
2791
3011
2001
1407
1646
1868
2104
2325
2545
2781
1772
1177
1414
1635
1855
2092
2313
2535
2771
1762
1183
1406
1628
1866
2086
2309
2532
1536
943
1163
1399
1621
1860
2083
2302
2541
2761
2984
3222
2211
1618
1838
2076
2297
2516
2752
2973
1965
1387
1606
1829
2066
2288
2509
2748
2967
1972
1385
1586
1824
2044
2265
2505
2728
1717
1140
1362
1599
1821
2041
2264
2500
2721
1710
1132
1351
1589
1810
2032
2249
2484
2705
2941
3161
2152
1558
1795
2017
2237
2460
2696
2916
1921
1327
1550
1787
2008
2231
2469
2692
2914
1918
1323
1561
1782
2003
2225
2464
2684
1673
1126
1315
1539
1776
2002
2232
2452
2673
1659
1082
1304
1537
1758
1979
2213
2434
2672
2890
3109
2099
1520
1741
1977
2183
2435
2639
2892
3113
2102
1521
1755
1960
2163
2401
2619
2840
1847
1252
1487
1704
1928
2165
2434
2652
2871
1874
1232
1469
1688
1911
2147
2368
2589
1580
1004
3268
2274
1680
1900
2135
2354
2591
2813
3035
2041
1445
1664
1886
2120
2341
2559
2797
3017
2005
1427
1646
1865
2100
2322
2542
2779
1768
1188
1407
1629
1867
2089
2327
2546
2768
1790
1177
1400
1622
1858
2079
2301
2523
1529
937
1159
1396
1634
1856
2077
2297
2535
2755
2993
3213
2203
1610
1864
2071
2289
2528
2747
2967
1974
1380
1602
1822
2058
2278
2497
2735
2957
1966
1365
1588
3872
2861
2269
2536
2772
1745
1135
1357
1577
1812
2032
2252
2489
2712
1703
1156
1343
1565
1801
2037
2257
2477
2763
2935
3154
2145
1566
1805
2039
2261
2467
2687
2924
1915
1321
1540
1778
1998
2220
2458
2680
2918
1906
1326
1546
1766
1988
2227
2446
2666
1657
1077
1297
1519
1756
1976
2197
2432
2654
1661
1066
1288
1524
1745
1967
2206
2428
2663
2886
3105
2096
1516
1736
1958
2197
2416
2638
2875
3145
2118
1522
1728
1950
2186
2407
2631
2869
1862
1283
1506
1726
1966
2189
2410
2649
1625
1047
1284
1507
1730
1967
2191
2430
2650
1642
1051
1287
1508
1731
1967
2189
2413
2649
2869
3092
2082
1503
1726
1963
2186
2407
2646
2866
3089
2095
1500
1722
1943
2182
2404
2641
2862
1850
1273
1544
1719
1957
2196
2416
2641
2862
1851
1272
1494
1717
1956
2176
2412
2633
1623
1047
1267
1504
1727
1947
2170
2407
2629
2852
3087
2076
1483
1703
1940
2162
2401
2624
2844
3082
2074
1479
1699
1935
2156
2395
2615
2835
1842
1248
1486
1707
1930
2150
2389
2611
2850
1823
1246
1468
1704
1940
2144
2399
2605
1596
1017
1257
1476
1698
1921
2140
2377
2598
2820
3056
2047
1459
1692
1912
2150
2371
2591
2811
3046
2034
1457
1679
1899
2119
2358
2577
2798
1818
1223
1443
1666
1886
2124
2346
2569
2805
1796
1203
1441
1663
1885
2122
2342
2562
1567
976
1194
1430
1650
1872
2109
2331
2554
2790
3009
3249
2237
1644
1864
2103
2341
2546
2783
3005
1993
1398
1636
1856
2095
2315
2537
2773
1778
1183
1405
1625
1864
2086
2354
2576
2812
1801
1159
1398
1619
1855
2078
2300
2537
1527
948
1168
1387
1607
1828
2063
2284
2522
2741
2960
3197
2185
1607
1828
2063
2269
2507
2726
2946
1934
1354
1573
1810
2033
2254
2490
2712
2947
1935
1355
1609
1799
2067
2257
2476
2696
1686
1110
1330
1551
1787
2009
2246
2466
2688
1695
1103
3367
2355
1777
1999
2220
2455
2677
2915
3169
2160
1565
1787
2023
2227
2447
2666
2903
3122
2113
1535
1755
1975
2213
2432
1437
2889
1893
1298
1552
1789
1979
2201
2424
2661
1651
1088
1292
1511
1731
1966
2186
2424
2644
1632
1039
1261
1496
1718
1940
2176
2395
2633
2854
3074
2081
1485
1721
1941
2160
2382
2604
2840
3061
2068
1473
1694
1930
2153
2375
2611
2833
1821
1244
1511
1686
1924
2144
2412
2599
2819
1810
1231
1451
1671
1909
2131
2349
2588
1578
1002
3268
2272
1662
1900
2121
2359
2579
2799
3034
3255
2261
1668
1889
2112
2350
2569
2774
3010
1999
1436
1656
1892
2082
2353
2574
2794
3128
3257
2264
1668
1906
2158
2347
2585
2805
1796
1170
1387
1642
1879
2099
2306
2528
1518
2988
1979
1383
1620
1840
2060
2296
2518
2754
2976
3199
2205
1609
1826
2048
2284
2504
2724
2962
1953
1358
1596
1816
2036
2274
2512
2719
2955
1945
1400
1622
1861
