960
2474
1831
1203
1857
1857
1217
1219
1217
2498
1858
2499
2498
3136
2500
1209
1208
1210
1846
1852
1850
2471
2472
2473
1195
1193
1850
1851
1848
2489
2487
2484
1208
1210
1208
1848
1847
1850
2489
2487
2490
568
568
1192
1195
1195
1833
1824
1829
3127
2491
3128
1214
1223
1214
1851
1875
1858
2501
2495
2494
1201
1207
1848
1848
1851
2455
2474
2476
1195
1187
1192
1848
1848
1848
2488
2491
2486
1207
568
1848
1203
1847
1847
2488
1850
1205
567
1209
1189
1828
1193
2468
1833
2470
2488
3128
1218
1218
1214
1861
1857
1856
2498
2497
2497
1210
1210
1208
1849
1848
1849
2466
2474
1191
514
1195
1846
1847
1842
2486
2491
2486
566
1209
563
1843
1207
1852
1848
2491
568
1210
568
1843
1192
1833
1835
2472
1832
3127
2486
3128
1222
1855
1853
2498
1843
2495
2502
2499
1209
1206
1204
1848
1849
1849
2472
2474
2471
1192
1192
1193
1166
1852
1859
2488
1858
1208
565
1208
1205
1851
1211
1848
1848
2488
568
1205
1194
1832
1192
2474
1828
2474
2491
3128
2488
1860
1220
1856
1860
2497
1860
3139
2501
1209
1208
1219
1848
1850
1844
2472
2468
2472
1195
1192
1192
1849
1838
1848
2489
2489
1208
1206
570
1849
1210
1853
1845
2488
1851
1201
564
1206
1192
1209
1200
2473
1828
3131
2490
3128
1214
1860
1218
2496
1866
2498
2498
2498
2497
1205
1211
1210
1849
5066
1845
2472
2465
1192
2466
1196
1836
1841
1852
2490
2490
2489
569
1204
1169
1851
1209
2490
1844
2488
567
1210
568
1831
1194
1836
1832
2460
1188
3131
2502
3127
1217
1860
1858
2496
1861
3139
2498
3134
1210
1196
1211
1845
1853
1277
2472
2475
1193
1194
1193
1851
1848
1850
2488
2484
1812
1209
569
1204
1210
1849
2491
2490
2487
571
1211
568
1832
1196
1833
1832
2472
3129
3131
2488
1218
1218
1220
1861
1856
1858
2495
3138
2498
1204
1208
1848
1845
1850
2473
2459
2473
1194
564
1193
1849
1848
1850
2489
2490
1208
1211
1209
1208
1848
1849
2491
2488
2484
567
573
570
1192
1194
1192
2474
1839
3128
2484
3133
1220
1218
1218
1858
1861
2497
2489
3140
2494
1206
1210
1841
1848
1279
2470
2472
2473
1197
1192
1829
1850
1848
1849
2481
2487
1849
1211
570
1845
1212
1848
1843
2489
2485
564
567
575
1833
1192
1834
1835
2474
2488
3128
2489
1857
1219
1855
1858
1410
1860
2498
2517
2510
1209
1209
1209
1848
1848
2474
2473
2471
1193
1196
1192
1848
1849
1851
2488
2490
2484
1208
569
1850
1208
1848
1864
2488
1836
1209
569
1205
1195
1833
1193
2475
1832
2454
2488
3124
1218
1860
1218
2498
1859
2498
2503
3135
2496
1208
1208
643
1848
1848
2472
2475
2474
1198
1192
1192
1847
1850
1850
2488
2490
2488
1211
1208
1851
1850
1848
2487
2488
2484
568
1208
569
1833
1200
1831
1832
2480
1832
3131
2487
1218
1214
1851
2491
2498
1858
3136
2498
3138
1210
646
2501
1848
1848
1848
2475
2473
1194
1192
1193
1844
1850
1848
2489
2490
1810
1208
1208
1861
1218
1849
1851
2489
1852
1208
565
2488
1193
1832
1192
2472
1832
2474
2488
3124
1220
1861
1214
2499
1862
2499
2501
3138
2498
1208
1208
1210
1848
1851
1849
2482
2472
1189
1195
1202
1848
1851
1848
2488
2489
2497
1208
1208
1209
1848
1848
1851
2488
2490
569
577
565
1192
1194
1195
1832
1828
1833
2491
2491
3124
1218
1218
1861
1859
1860
2499
2498
2499
1208
1209
1209
1845
1848
1847
2473
1851
2473
1192
1193
1848
1848
1851
2488
2491
2488
1212
1207
1211
1848
1849
1849
2489
2487
2485
564
1208
1193
1833
1191
2471
1849
2474
2489
3119
2488
1222
1215
1220
1858
1855
1859
2499
3138
1207
1211
1206
1849
1851
1846
2472
2472
2471
1194
1194
1207
1848
1848
1848
2489
2489
2485
567
1215
1848
1850
1848
3138
2490
2488
568
570
568
1184
1192
1193
1832
1834
3123
2487
3132
1221
1215
1218
1859
1858
1858
2499
2499
2498
1211
1217
1211
1848
1849
2472
2472
2472
515
1192
563
1850
1170
1851
1860
2492
1860
1209
568
1847
1209
1849
2489
2488
2484
568
568
571
1192
1192
1196
1832
1832
1832
3128
2494
1220
1218
1218
1859
1858
1859
2498
2503
2499
1208
1208
1208
1848
1848
643
2473
2472
1184
1193
1193
1849
1848
1845
2488
2488
2488
1208
568
1208
1208
1848
1208
2488
1847
1208
568
1207
1192
1832
1192
2473
1832
2471
2488
3128
2484
1859
1218
2498
1861
1858
3140
2500
2500
1207
1208
1204
1848
1848
1848
2468
1848
2472
1192
1193
1851
1848
1848
2489
2488
2489
569
1204
566
1848
1208
1848
1848
2492
1850
1211
566
1833
1193
1832
1834
2472
1835
3128
1834
3127
1217
1222
1214
1860
2498
1857
2497
2498
1210
1208
1208
1848
1851
1848
2474
2472
2472
1192
1190
1192
1848
1849
1848
2485
2488
1208
1204
1210
1848
1848
1865
2484
2488
2488
570
570
570
1833
1192
1836
1832
2472
2486
3128
2488
1218
1218
1218
1860
1858
1860
2498
2499
2498
1207
1209
1208
1848
1844
1283
2469
2473
1196
1194
1188
1848
1848
1848
2487
2489
2487
1209
1208
1208
1849
1851
1849
2488
2488
582
568
568
1195
1832
1192
2465
1832
2476
2482
3128
2487
1218
1216
1870
1858
2499
2499
3140
2498
1207
1208
1205
1850
1836
1850
1910
2472
2471
1195
1192
1849
1848
1859
2493
2488
2488
1218
1208
1208
1847
1848
1208
2489
2488
2488
1207
568
1832
1187
1834
1833
2472
1832
3129
2489
3128
1217
1217
1218
1859
1857
1858
2497
2497
1209
643
1208
1848
1847
1848
2473
2474
2471
1193
1192
1192
1840
1850
1843
2488
2488
1208
1211
1208
1851
1848
1848
2489
2489
2487
568
1208
567
1832
1192
1832
1834
2472
2487
3128
2489
1858
1218
1858
1858
2498
1858
3139
2498
3138
1208
1208
1848
1848
1848
2472
2474
2472
1192
1193
1194
1848
1848
1850
2488
2489
2488
1204
1208
1849
1209
1850
1848
2488
1847
1208
568
1208
1194
1833
1192
2474
1832
3130
2488
3128
1217
1858
1218
2494
1858
2495
2497
3138
2499
1207
1208
1848
1848
1848
2481
2475
2476
1194
1192
1192
1850
1848
1848
2489
2488
1210
386
1208
1196
1848
1200
2483
1847
2488
570
1208
568
1832
1192
1834
1831
2477
2487
3128
2489
2490
1225
1857
1860
2501
1858
2498
2500
2498
1208
1210
1848
1828
1839
2472
2479
2472
1192
1194
1192
1848
1850
1834
2491
2488
2484
1203
382
1848
1209
1848
1848
2488
1849
1208
569
1210
1192
1836
1192
2472
1833
3128
2489
3127
1218
1857
1218
2502
1858
2497
2498
3138
2497
1208
1207
1208
1845
1847
1853
2475
2472
1193
1194
1195
1848
1850
1850
2488
2491
2488
1208
1208
1208
1848
1848
2487
2501
2488
567
1209
567
1210
1192
1831
1832
1834
1837
3128
2487
1220
1218
1218
1858
1857
1858
2498
2498
3130
1208
1208
1203
1848
1848
1848
2475
2476
1192
1192
1193
1848
1848
1847
2490
2488
2487
1204
569
1858
1210
1849
1850
2488
1851
1207
567
1210
1192
1832
1194
2472
1835
2475
2488
3129
1225
1858
1218
2498
1857
2499
2498
3138
2499
1207
644
1207
1849
1848
1849
2475
2471
1192
1192
1191
1851
1851
1848
2489
2488
2487
1208
1210
1208
1849
1208
1847
1847
2489
568
1209
567
1832
1192
1832
1834
2472
1836
3128
2487
3127
1217
1218
1219
1857
1858
2498
2497
2499
1208
1208
1210
1283
1848
1849
2473
2464
2473
1198
1196
1183
1840
1847
2488
1810
2488
1208
1210
1207
1849
1860
1847
2487
2488
2490
255
568
1191
1195
1192
1844
1832
2472
2487
3127
2488
1218
1218
1217
1859
1859
1858
3139
2498
1207
1211
1209
1850
1848
1848
2471
2474
2472
1201
1192
1192
1848
1847
2487
2488
2488
1208
1209
1207
1847
1850
1848
2488
2488
2487
567
1207
539
1192
1191
1831
1831
1834
2487
2488
2489
1219
1218
1216
1869
1849
1858
2498
3137
2498
1191
1205
1847
1848
1849
2472
1907
2472
1195
1191
1191
1849
1848
1848
2489
2487
567
1208
568
1848
1207
1849
1848
2489
1848
1208
568
567
1194
1191
1838
1836
2472
2487
3128
2487
1217
1220
1218
1858
1865
1860
2498
2500
2498
1207
1207
1848
1848
1849
2472
2471
2475
1195
563
1192
1848
1848
1851
2488
2491
2487
566
1208
1208
1844
1209
2487
1848
2488
567
1208
567
1832
1195
1832
1832
1834
1832
2491
2487
1219
1218
1213
1859
1857
2499
2497
3137
2499
1207
1207
1208
1848
1847
1207
2472
2476
1192
1194
1194
1169
1849
1847
2487
2493
2488
1208
569
1207
1845
1849
1849
2489
2487
576
568
567
1832
1193
1831
1832
2466
1830
3127
2488
3127
1217
1219
1218
1858
1854
2499
2497
2497
1207
1207
1200
1848
1849
1847
2471
2473
2475
1191
1191
1848
1855
1847
2487
1844
2488
567
1206
567
1844
1219
1847
1849
2488
1848
1207
567
878
1192
1196
1834
1831
2472
2488
3128
2487
1217
1218
1222
1858
1858
2498
2496
2498
1208
1208
1210
1848
1847
1853
2472
2477
2471
1193
1194
1192
1848
1848
2491
2487
2489
1207
567
1207
1207
1849
1207
2487
1849
2488
567
1207
568
1832
1191
1833
1832
1831
2487
2487
2487
1218
1217
770
1857
1859
1857
2497
2497
2498
2498
1207
1850
1848
1848
2472
2475
2471
1195
1191
1194
1847
1847
1848
1799
2487
576
1208
568
1847
1209
1850
1853
2488
1847
1207
573
1207
1193
1835
1192
2476
1832
3127
2488
3127
1217
1217
1218
1857
1861
1857
2498
2500
2502
1207
1210
1208
1849
1847
2473
2474
1906
1194
1196
1192
1845
1848
1847
2487
2487
2487
577
1208
1207
1847
1849
2491
2487
2487
567
568
567
1192
1193
1191
1832
1832
1833
2488
2487
1217
1217
1218
1859
1858
2497
2498
3137
2498
1209
1208
1208
1850
1852
1851
2473
2471
1184
1194
1193
1848
1847
1848
2485
2487
2487
1208
1208
1209
1847
1207
1848
2495
2488
567
572
567
1192
1191
1197
1829
1832
1832
2495
2489
2487
1217
1217
1857
1858
1859
2500
2497
2489
1207
1207
1208
1848
1854
1851
2475
2472
2471
1191
1191
1848
1847
1847
2489
2487
2489
567
1209
569
1847
1208
1847
1847
2488
568
1208
567
1836
1192
1832
1831
1832
1836
2489
2178
2490
1217
1217
1859
1857
1860
2498
2497
2497
1208
1209
1207
1848
1848
1847
2472
2472
2476
1192
513
1847
1219
1847
1860
2510
1858
1208
568
1207
1207
1847
1207
2488
1847
1207
568
1207
1194
1836
1196
2475
1835
2471
2488
3130
2487
3128
1218
3128
1857
1858
2498
2497
2498
1207
1208
1208
1848
1282
1840
2472
2472
2475
1195
1191
1194
1848
1848
2501
2490
2488
567
1219
568
1849
1207
1847
1847
2489
1850
1208
567
1208
1191
1824
1835
2474
1836
3127
2488
3127
1217
1856
1217
2498
1859
2498
2499
3133
1207
1207
1208
1847
1848
1851
2473
2476
3114
1196
1195
1192
1848
1847
1849
2487
2487
567
386
567
1847
1859
1848
2488
2488
2490
1207
568
567
1191
1196
1831
1835
1833
2488
2489
2487
1227
1218
1218
1858
1857
1857
2498
2498
2497
1208
1208
1207
1848
1850
2471
2471
2474
1195
513
1191
1170
1849
1169
2488
1858
2488
567
1209
1207
1848
1208
2490
1848
2487
567
1208
568
1834
1195
1832
1834
2471
1196
3125
2488
1217
1218
1217
1857
1857
1858
2499
2497
2497
1207
1207
1848
1849
1848
1847
2472
2475
1190
1196
1191
1847
1850
1847
2488
2487
1810
1207
568
1208
1208
1848
2488
2488
1848
1204
567
1208
1192
1835
1192
2467
1835
2472
2487
3130
2487
3124
1217
1857
1857
2497
2498
2497
2500
1203
1208
1208
1850
1848
1847
2472
2472
2476
2472
1191
1191
1847
1847
2491
2487
2488
1207
1209
1207
1847
1848
1848
1847
2496
567
1207
569
1838
1195
1832
1832
2475
1833
3127
2487
3140
1219
1219
1866
1857
1858
2494
2498
2500
1207
1207
1208
1847
1848
1849
2472
2473
2473
1192
1192
1847
1847
1848
1809
2487
1858
1209
567
1208
1188
1848
1207
2488
1849
2487
569
1208
1192
1837
1195
2474
1835
2472
2487
3128
2488
1858
1217
1858
1858
1410
2500
2504
2498
1204
1208
1210
1848
1848
1848
2476
2471
2474
1192
1192
1192
1847
1847
2491
2490
2491
1198
1208
388
1848
1208
1847
1850
2490
1847
1210
570
563
1192
1194
1832
1831
1834
2488
2487
2490
1217
1218
1218
1857
1860
1858
2502
2498
1208
1208
1208
1848
1844
1848
2474
2472
2467
1191
517
1194
1847
1848
1844
2487
2488
1206
1211
1207
1850
1851
1847
1845
2493
2487
1209
568
1208
1191
1834
1191
2469
1835
3128
2489
3127
1217
1218
1212
1859
1858
1866
2497
3138
2497
1208
1208
1849
1848
1848
2474
2471
2471
1192
1192
1195
1848
1848
1848
2487
2491
2490
1211
1207
1848
1850
1847
2488
2488
2489
569
568
567
1193
1189
1195
1832
1834
1831
2488
2487
1217
1217
1218
1857
1859
1858
2497
2497
2499
1846
1208
1209
1847
1848
1848
2472
3115
1192
1194
516
1848
1850
1849
2488
2488
2488
1207
1208
1208
1848
1847
2488
2488
1849
1207
568
1208
1187
1834
1192
2476
1832
2473
2487
3128
1218
1858
1220
2497
1855
2497
2497
2498
2497
1210
1208
1208
1849
1847
1848
2472
2472
1199
1192
1193
1849
1850
1849
2487
2486
2488
608
1208
568
1848
1207
2488
1848
1848
567
1209
567
1838
1193
1832
1836
2490
1833
3128
2490
1856
1217
1858
1857
1857
1858
2498
2501
2499
1208
1208
1203
1849
1848
1848
2474
2473
1192
1191
1192
1848
1848
1848
2488
2488
1810
1208
568
1210
1210
1849
1207
2488
1848
1208
567
1208
1192
1835
1193
2472
1831
2475
2488
3130
2487
1855
1218
2499
1858
1860
2498
2497
2499
1209
1211
1232
1844
1848
1847
2475
2471
2474
1195
1193
1844
1856
1848
2488
2487
2488
1207
1202
1208
1848
1848
1848
1840
2490
1846
1204
568
1832
1193
1832
1833
2476
1832
3128
2489
3124
1218
1218
1218
1857
1858
2499
2497
2498
1208
1207
1208
1848
1848
1208
2472
1910
2474
1190
1192
1195
1848
1848
2488
2488
2488
1207
1208
1204
1848
1847
1848
2488
2488
2476
1208
567
1193
1194
1193
1831
1832
1834
2487
3128
2488
1210
1217
1218
1859
1858
1858
2506
2498
1197
1207
1209
1847
1852
1848
2471
2472
2472
1191
1192
1192
1848
1848
1848
2487
2506
1207
568
1208
1848
1209
1847
2489
2486
2485
570
568
568
1192
1196
1831
1836
1836
3128
2487
3128
1217
1229
1218
1856
1857
1854
2498
2501
2498
1210
1208
1210
1848
1847
2473
2472
2472
514
1191
513
1848
1171
1848
1861
2488
2489
1196
568
1208
1208
1849
2488
2487
2489
1208
567
2488
1193
1833
1193
2475
1835
1835
2490
2487
2487
1218
1218
1858
1862
1858
2498
2498
2498
1209
1208
1208
1848
1836
1283
2475
2472
1195
1194
1194
1848
1847
1838
2492
2492
1857
1209
568
1208
1207
1848
1207
2488
1849
1207
568
1208
1193
1832
1192
2472
1832
2473
2488
3127
2489
1218
1221
1858
1858
1857
2498
2500
2500
1207
1208
1217
1283
1848
1848
2471
2473
2472
514
1192
1217
1848
1218
2487
2488
2487
568
1208
568
1848
1208
1848
1848
2488
567
1208
570
1833
1192
1836
1832
1835
2472
2488
3130
2488
1218
1219
1220
1858
1858
2497
2501
2502
1209
1209
1208
1848
1850
1848
2472
2472
2472
1192
561
1847
1223
1848
2489
2488
2489
1225
571
1208
1209
1848
1210
2488
1848
2488
571
1208
1194
1835
1193
1832
1831
1833
2488
2487
2488
1217
1218
1217
1858
1862
1858
2498
2502
1208
1208
1211
1283
1848
640
2472
2474
2471
1195
1192
1195
1848
1848
1847
2490
2488
567
1208
568
1848
1207
1849
1848
2488
2488
1208
569
568
1832
1194
1835
1832
2478
2492
3131
2497
3130
1218
1217
1858
1859
1858
3139
2498
3138
1217
643
1849
1284
1850
1908
2472
2475
1192
1205
1192
1848
1848
1848
2487
2487
1208
1208
1208
1848
1848
1847
3139
2487
2488
1208
568
1208
1192
1833
1196
2476
1832
2475
2489
3131
1218
1218
1218
1858
1858
2498
2498
3138
2498
1848
1208
1208
1848
1208
1848
2472
2472
3113
1196
1194
1848
1848
2487
2488
3128
2487
570
1209
568
1850
1208
2488
1850
2488
567
1209
568
1832
1191
1832
1832
3116
1832
3128
2489
3128
1217
1858
1863
2498
1865
3138
2499
2498
1208
1208
1208
1847
1848
1849
2475
2473
2473
1192
1194
1848
1847
1171
2488
2488
2488
1208
568
1208
1210
1848
1208
2488
1848
1208
567
1209
1193
1832
1195
2473
1832
2484
2489
3121
2488
1856
1218
2497
1858
1858
2498
2499
2498
1208
1209
1209
1848
1848
1848
2472
2473
2472
1195
1196
1192
1848
1848
2488
2490
2488
570
1208
569
1848
1208
1848
1848
2488
1848
1208
568
1832
1192
1832
1826
2473
1836
3132
2491
2487
1218
1218
1218
1858
1858
1858
2499
2499
1208
1210
1208
1848
1848
1850
2474
2477
2472
1194
519
1192
1851
1851
1848
2489
2488
1208
568
1208
1209
1856
1848
2490
2488
2485
569
568
568
1192
1192
1833
1833
1833
2488
2488
2488
1218
1218
1218
1857
1854
1860
2498
2494
2499
1207
1210
1837
1849
1848
2473
2471
2482
565
1192
564
1847
1214
1849
1859
2488
572
1209
568
1848
1208
1848
1848
2488
1848
1207
568
1208
1195
1836
1194
2479
1831
3128
2488
3131
1218
1218
1218
1864
1861
1860
2498
2501
2498
1209
1208
1209
1849
1848
2472
2475
2471
1194
511
1192
1850
1848
1836
2487
2488
3130
567
1208
572
1848
1208
2488
1848
2488
571
1208
568
1832
1191
1832
1832
2472
1832
3131
2480
1219
1217
1218
1858
1858
1858
2498
2498
1859
1208
1208
1208
2490
1848
1848
2473
2472
1192
1192
1192
1849
1848
1848
2488
2488
3128
1208
568
1210
1208
1850
1209
1848
1849
1209
567
1209
1191
1832
1192
2472
1837
2472
2489
3769
2488
1858
1221
2503
1859
1860
2498
2498
2497
1211
1208
1209
1849
1850
1845
2472
2476
2471
1193
1192
1848
1849
1851
2495
2488
2488
1207
1217
1209
1847
1208
1848
1848
2488
568
1212
570
1832
1193
1826
1832
2475
1835
3128
2488
3128
1218
1214
1218
1858
1860
2501
2498
2486
1208
1208
1209
1283
1849
1848
2477
2472
2472
1193
1192
1850
1849
1841
2488
2488
2489
571
1209
1208
1848
1848
1852
2488
2489
2488
1208
568
1832
1192
1192
1834
1830
2472
2489
3127
2489
1229
1216
1218
1858
1858
1859
2498
2498
1208
1210
1211
1851
1844
1849
1910
2472
2474
1192
1192
1192
1847
1850
1848
2487
2488
1208
1208
1208
1831
1848
1848
2490
2491
2490
568
568
568
1196
1195
1832
1832
1832
3129
2489
3128
1218
1218
1220
1858
1858
1858
2499
2498
2501
1210
1209
1849
1848
1848
2472
2465
2472
565
1185
562
1849
1218
1849
1858
2488
2488
1208
569
1208
1209
1849
1848
2488
2488
568
568
568
1195
1832
1832
1832
2472
2487
3128
2488
1218
1218
1218
1859
1861
1860
2498
2498
2501
2498
1207
1208
1848
1848
2472
2472
2475
1191
1193
1192
1849
1848
1851
2488
2488
2488
1220
1208
1848
1850
1848
2488
2488
2491
568
569
568
1193
1836
1196
2475
1834
2488
2490
3129
1224
1218
1218
1859
1858
2495
2499
3139
2498
1208
1208
1208
1848
1850
1848
2472
2472
1195
1197
1193
1848
1841
1847
2490
2488
2488
1208
1209
1211
1848
1848
2488
2489
2488
568
1209
569
1836
1193
1832
1832
2473
1832
3128
2489
1858
1219
1859
1857
2498
1858
3138
2498
3138
1208
1208
643
1848
1851
1848
2472
2472
1192
1196
1192
1848
1840
1849
2488
2488
2488
1208
1209
1211
1848
1848
2490
2490
2489
568
571
568
1192
1195
1192
2472
1834
2481
2472
3127
2490
1218
1221
1858
1858
1858
2498
2499
2499
1207
1208
1208
1848
1848
1848
2473
2474
561
1193
563
1848
1218
1849
1858
2490
1812
1204
569
1208
1208
1848
1209
2491
1844
2488
568
1209
1192
1832
1192
2475
1833
2475
2490
3128
2488
1215
1218
1219
1859
1851
2498
2498
2499
1208
1208
1200
1844
1848
1849
2474
2473
2472
562
1192
562
1848
1848
2489
2488
2491
568
1209
565
1851
1206
1849
1848
2484
1853
1209
564
568
1195
1192
2472
1833
2472
2496
3131
2489
1218
1215
1219
1859
2494
1858
3135
2499
3136
1206
1209
1861
1848
1851
2473
2478
2475
1196
1192
1197
1848
1848
1848
2488
2489
1208
1209
1210
1851
1850
1848
2485
2491
2488
571
569
568
1198
1832
1193
2473
1832
3125
2489
3770
1217
1218
1219
1858
1858
2499
2498
2498
2498
1208
1210
1208
1857
1848
2510
2475
2472
1194
1192
1191
1853
1848
1849
2482
2488
2491
1210
1211
1209
1852
1852
2485
2488
2489
568
1206
573
1832
1194
1834
1836
2472
1832
3124
2488
3135
1218
1221
1864
2498
1859
3139
2486
3138
1211
1209
1210
1848
1848
1853
2477
2476
1193
1192
1193
1848
1170
1845
2488
2471
2488
1207
1208
1209
1845
1851
1850
2488
2489
1209
568
1211
1193
1832
1196
2472
1832
2464
2488
3131
2488
1220
1214
1222
1858
1859
2499
2498
2498
1204
1209
1209
1849
1853
1848
2476
2472
2472
1193
1194
1851
1851
1844
2489
2488
2489
1209
570
1209
1206
1848
1210
2487
1849
2489
568
1209
1192
1834
1193
2473
1830
2475
2490
3126
2490
1219
1218
1219
1859
1858
1858
2498
2498
1208
1208
1209
1849
1849
1851
2473
2473
2474
1194
1193
518
1848
515
1849
1859
2488
564
1209
568
1848
1208
1844
1848
1850
1209
1208
577
1208
1194
1829
1193
2477
1833
3131
2488
3126
1218
1858
1219
1858
1855
1846
2500
2498
2498
1208
1208
1848
1851
1848
2484
2473
2473
1195
563
1194
1218
1848
1219
2489
1858
1208
568
1208
1210
1849
1209
2489
1848
2491
570
1204
569
1835
1195
1828
1828
2474
2490
3128
2484
1219
1220
1223
1859
1858
1861
2498
2501
2501
1214
1208
1205
1841
1848
2472
2475
2473
1192
1192
516
1849
1848
1848
1858
2491
2489
1208
568
1848
1208
1848
2488
2481
2489
568
568
568
1210
1195
1195
1832
1837
1829
2488
2488
1220
1216
1219
1856
1854
1854
2499
2500
2498
1210
1206
1206
1848
1848
1848
2473
2472
1193
514
1193
1184
1847
1168
2492
1807
2486
568
1210
567
1846
1210
1846
1848
2489
568
1209
568
1833
1191
1832
1835
2475
1833
3131
2484
2484
1219
1219
1858
1859
1861
2497
2498
2500
1208
1208
1210
1849
1849
1847
2473
2475
2474
1832
1195
1851
1852
1848
1810
2492
2489
1209
569
1211
1209
1850
1207
2484
1849
2496
570
1204
1197
1835
1194
2473
1829
2483
2490
3131
2489
1219
1217
1219
1859
1858
1859
2496
2499
1210
1197
1211
1863
1851
1846
2473
2469
2471
1193
1192
1194
1851
1851
2490
2488
2485
568
1206
571
1851
1211
1850
1848
2489
1849
1207
571
1211
1196
1830
1196
2472
2469
3132
2499
3124
1219
1860
1219
2494
1859
1862
2501
2500
2496
1209
1214
1210
1851
1283
1849
2473
2472
1194
1196
1193
1860
1849
1849
2499
2490
2491
569
1204
571
1851
1208
2490
1851
2491
569
1213
566
1832
1197
1834
1832
2472
1835
3126
2491
1861
1194
1861
1860
2499
1860
3138
2496
3137
1210
1207
1209
1850
1849
1845
2472
2475
1188
1189
1193
1850
1851
1848
1813
2488
1861
1211
1209
1211
1211
1851
1210
2485
1848
1211
570
1204
1191
1833
1196
2474
1833
2472
2489
3136
2489
1221
1223
1231
1854
1858
2501
2501
2495
1205
1211
1207
1850
1848
1837
2474
2474
2473
1205
1188
1847
1851
1845
2486
2465
1207
564
1208
570
1848
1199
1849
1852
2485
1849
1208
569
1833
1196
1834
1837
1833
1838
3129
2491
3130
1221
1859
1219
2500
1855
1861
2502
2496
1206
1210
1207
1845
1836
1846
2477
2474
2469
1195
1205
1190
1839
1847
1847
2491
2487
1222
1208
1206
1847
1848
1849
2488
2494
2491
569
1214
562
1826
1183
2470
1829
2475
2489
3132
2492
1217
1219
1859
1860
2495
1856
3131
2501
3135
1210
1210
1850
1280
1846
2486
2476
2474
1193
1189
1191
1848
1849
1849
2491
2490
2486
1206
1208
1849
1852
1849
2474
2488
2487
567
571
568
1197
1197
1183
1829
1834
2493
2487
3125
1221
1217
1221
1859
1859
1855
2501
2498
2496
1210
1210
1209
1848
1848
2475
2473
2477
1191
1197
514
1850
1217
1851
1813
2487
1855
1212
567
1212
1208
1846
1851
2486
1846
1208
571
1208
1191
1191
1201
1834
1834
1831
2486
2492
1218
1219
1220
1858
1858
1859
2501
2497
2495
1207
1208
1208
1848
1848
1848
2477
2477
1192
1196
1193
1170
1850
1170
2488
1811
2489
568
1206
569
1847
1206
2492
1845
2489
565
1208
568
1190
1190
1834
1833
2476
1833
3131
2491
3127
1217
1230
1862
1858
1859
2495
2500
2498
1209
1208
1207
1852
1848
1852
2474
2470
2476
1205
1193
1847
1892
1849
2491
2490
2492
1208
568
1209
1849
1849
1208
2486
1846
1846
567
1208
1194
1834
1190
2472
1831
2475
2500
3129
2492
1856
1211
1861
1860
1860
2498
2499
2500
1206
1208
1208
1851
1851
1850
2472
2479
2471
1194
1194
1173
1848
1173
2493
1811
2492
570
1207
561
1848
1210
1849
1851
2491
561
1208
565
1834
1194
1813
1835
2474
1834
3131
2493
3129
1215
1216
1219
1863
1860
2499
2502
2485
1208
1209
1210
1848
2488
1846
2476
2475
2473
1190
1199
513
1172
1850
2493
2488
2487
1209
1206
1205
1848
1209
1210
1846
2493
1849
1210
565
1208
1834
1833
1829
2470
1835
3125
2488
3131
1217
1861
1219
2500
1859
1863
2497
3131
1208
1208
1209
1846
1845
1847
2473
2473
2475
1196
516
1196
1173
1847
1813
2490
1809
1207
569
1206
1209
1852
1211
2487
1848
1852
568
1211
572
1833
1195
2470
1834
2475
2492
3149
2491
1217
1216
2487
1856
1857
1857
2502
2499
2497
1212
1212
1846
1849
1841
2472
2477
2469
517
1193
512
1848
1223
1845
1858
2488
568
1209
567
1849
1211
1847
1846
2488
2485
565
569
567
1195
1201
1195
1835
1838
2427
3129
2489
1220
1220
1219
1843
1861
1860
2497
2496
2499
1212
1205
1845
1847
1847
2473
2469
2474
1192
565
1192
1217
1847
1216
2489
1858
2485
573
1208
1209
1853
1213
2492
1847
2487
573
1212
572
1836
1190
1833
1836
2474
1837
3132
2487
1217
1217
1215
1871
1857
1859
2489
2497
2498
1211
1205
1212
1845
1852
1849
2469
1906
1189
1194
1196
1848
1848
1849
2491
2492
1857
1205
574
1212
1212
1208
1851
2492
2489
1208
567
1208
1195
1831
1195
2475
1835
1833
2485
2491
2486
1194
1216
1856
1857
1858
2500
2502
2496
1208
1209
1212
1850
1849
1849
2471
2472
1192
518
1183
1217
1848
1217
2492
1858
2491
565
1205
569
1851
1207
1848
1849
2487
571
1212
564
1826
1188
1835
1835
1836
1818
2492
2491
2487
1215
1218
1216
1860
1861
2500
2501
2492
1211
1208
1208
1845
1852
1847
2469
2471
2463
1195
517
1848
1168
1846
1819
2487
1861
1208
568
1211
1207
1845
1207
2491
1844
2489
566
1207
1180
1837
1192
2467
1835
2470
2487
2490
2485
1203
1226
1216
1861
1855
1865
2495
2498
1204
1211
1205
1851
1851
1851
2476
2472
2476
1195
1190
1187
1853
1847
2487
2489
2490
566
1203
568
1850
1204
1849
1850
2492
1849
1208
557
1208
1193
1833
1833
2469
1829
3127
2491
3133
1214
1857
1221
2500
1857
1411
2501
3127
2501
1203
1208
1851
1254
1851
2475
2468
2473
1194
1192
1194
1846
1851
1850
3128
2486
2486
1207
1205
1211
1842
1206
2489
1846
2485
574
1211
1845
1836
1194
1208
1835
2471
1833
3129
2485
1215
1209
1220
1858
1887
1859
2500
2497
2501
1199
1207
1212
1850
1852
1852
2475
2468
1205
1193
1197
1851
1848
1845
1807
2491
1811
1211
568
1209
1211
1850
1206
2491
1848
1209
562
1209
1193
1830
1192
2476
1835
2472
2491
3128
2489
1220
1219
2484
1862
1859
2496
2499
2504
1206
1206
1208
1858
1845
1849
2472
2475
2476
1196
1196
1845
1851
1846
2489
2488
2485
567
1205
568
1851
1215
1845
1847
2487
1842
1206
569
1831
1194
1192
1833
1834
2475
3128
3132
2491
1218
1219
1217
1857
1856
1854
2497
2498
1210
1206
1205
1848
1843
1826
2469
2474
2469
1194
1190
1195
1845
1847
1849
2488
2490
1206
1206
1209
1850
1844
1848
2488
2487
2489
568
571
571
1197
1829
1831
2476
1831
3132
2492
3125
1215
1222
1214
1858
1860
2477
2497
3141
1443
1207
1213
1845
1844
1845
2475
2475
2471
1195
1196
1191
1845
1844
1845
2493
2488
1210
1207
1207
1850
1847
1853
2491
2486
2484
570
1207
565
1193
1195
1193
1835
2473
2489
3134
2491
1217
1216
1220
1856
1860
1852
2495
2502
2495
1207
1208
1851
1845
1852
2474
2471
2475
1195
1194
1190
1847
1847
1169
2486
2485
2486
1208
1212
1853
1849
1832
2491
2487
2489
556
567
567
1195
1196
1195
1834
1835
2488
2486
3125
1210
1206
1219
1855
1858
2500
2498
3139
2501
1211
1210
1210
1846
1845
2464
2474
2476
1193
1195
1196
1848
5701
1847
2488
2479
2490
1205
1208
1849
1842
1029
2491
1851
2487
567
1206
566
1831
1190
1835
1831
2471
1835
3128
2492
1857
1216
1854
1855
2497
1859
3145
2497
3137
1205
643
1208
1849
1849
1844
2470
2472
1195
1192
1190
1846
1852
1848
2486
2485
2482
1211
564
1209
1206
1847
1847
2489
1857
1205
565
1209
567
1835
1195
2471
1832
2475
2477
3129
2490
1858
1217
2498
1862
1857
2500
3770
2497
1207
1211
1205
1847
1845
1847
2475
2472
1192
1195
1195
1839
1847
1849
2491
2492
2487
1211
1207
1204
1851
1207
1853
1849
2490
560
1205
565
1830
1195
1834
1830
2471
1832
3126
2488
3129
1219
1212
1224
1856
1859
2497
2497
2495
1209
1207
1208
1847
1851
1848
2469
2476
1851
1198
515
1193
1848
1852
2486
2488
2490
1212
572
1210
1212
1859
1209
2486
1851
2485
565
1211
1847
1833
1195
2474
1830
2469
1835
3127
2492
1859
1220
1855
1855
2501
1856
3771
2501
3770
1207
1210
1847
1846
1846
1847
1196
2475
1192
1196
1203
1853
1847
1846
2488
2486
1211
1211
1208
1847
1850
1848
2484
1667
1848
1207
571
1201
1191
1831
1194
2469
1835
3125
2488
3132
1218
1218
1218
1860
1855
2497
2500
3141
2498
1207
1210
1204
1849
1850
1848
2475
2477
1195
1196
1192
1851
1851
1850
2532
2487
2464
1206
1208
1211
1835
1846
2486
2490
2491
569
1207
1848
1831
1207
1208
1833
2473
1832
3125
2485
3130
2504
1216
1861
3127
1825
3142
2497
3134
1207
1211
1207
1850
1846
1211
2485
1209
2475
1848
1196
1846
1845
1847
3780
2487
2490
1211
1208
1208
1851
1848
1848
2487
2491
570
2487
564
1195
1193
1194
2474
1828
2476
2489
3129
2490
1224
1217
1204
1855
1861
2499
2496
2497
1208
1206
1209
1837
1849
1851
1907
2478
2473
1194
1195
1192
1847
