1244
3722
2200
674
5352
1531
6687
1034
2049
7669
2033
10033
4030
953
8937
2931
6599
2864
1338
7279
1610
9613
1063
2065
7701
2032
3020
3987
1534
2518
3489
4477
1468
2457
6340
2728
3719
1721
2727
3704
1181
9416
3390
2241
3237
1271
2265
3258
736
8716
2709
7668
2030
3027
4006
1564
9545
3538
2088
5740
1920
2915
3896
1456
2436
3431
4428
1426
7234
1436
9418
3413
7193
1395
6534
2929
1402
3568
1994
2987
994
6740
2940
1413
6155
2338
809
6394
2611
3610
1618
2616
3599
1095
9097
3091
7091
1325
9327
3320
1214
9264
3259
2114
10113
1468
9470
3463
1471
2468
3450
961
8962
2955
1395
9378
3371
8811
2788
1578
7035
1252
9238
3233
951
8946
2939
1887
2886
3883
1250
6629
3004
1476
9477
3456
4454
1088
9072
1005
9004
2997
3978
1139
5462
1646
2643
3641
1169
5413
1645
4831
1079
5531
1924
2920
3900
1441
2439
3435
4415
1431
2427
3409
935
8938
2921
6133
2401
3403
1415
2419
3421
4408
1413
2432
3435
933
6140
2358
832
8836
2848
3850
1588
2587
6402
2589
1048
9067
3048
8575
2777
1253
6600
2755
1243
9229
3226
4210
1372
7008
1356
6512
2939
1412
2409
3409
905
8909
2889
6605
2853
1328
6914
1164
6575
2664
1140
6820
991
8979
2975
3958
1345
7219
1389
6673
891
5904
2153
3150
4148
1675
2658
3658
1154
6004
2207
3203
1213
4946
3209
1664
7186
1531
4786
3017
1487
9472
1244
9245
3238
4222
1223
6282
1876
2875
3856
1429
9428
3419
2145
3141
1131
9115
3110
4089
3070
1541
2539
3520
1015
6472
2671
3666
1674
2670
3651
1178
6845
1047
2876
1186
2182
6298
2627
1099
6476
2710
3707
1729
2727
3707
1202
9201
3180
4178
1273
6764
2900
1370
2368
6964
1053
9053
3031
990
6466
2649
1124
6674
829
8829
2806
3805
2211
3207
4190
1735
2731
3713
1195
9179
3174
4171
2929
1383
5643
1828
2827
3824
1369
2368
3350
829
8814
2807
3804
2740
1212
9197
1207
6489
2737
1207
6682
2865
1352
2333
3333
4330
1364
2379
3379
890
9339
3333
2203
3202
1192
2191
5732
1854
2853
3853
1380
9381
3375
4739
956
8956
2932
5499
1651
2650
3649
1176
6699
3090
1545
6126
2359
3357
1331
9348
3325
8019
2395
3392
1401
2398
10398
4376
1232
9232
3224
1296
9344
796
8796
2789
6345
2592
1062
6491
2756
1227
6415
2663
1151
6513
2715
1172
2169
5631
1398
5785
1921
2917
3914
1457
2456
3454
4437
1214
9199
3192
4173
1110
9478
3471
11456
1198
10688
4697
1314
2326
3323
4305
1336
2335
3334
7306
1523
2524
3522
1370
2370
3365
4365
1384
2381
3380
923
1923
2903
3900
4884
1455
2452
3448
916
6806
975
8962
2956
1107
6424
2610
1082
6493
2693
3693
1700
2681
3678
1158
2156
3137
4134
1166
5921
2101
3100
1122
7000
2530
1033
6859
951
6169
2417
904
5804
1991
2974
1013
6984
1203
6167
2558
1029
9014
3009
6629
3023
1493
5929
2115
3097
1103
9090
3085
6305
2473
945
8932
2927
7860
2189
3186
1212
6639
2794
1266
2263
7290
1635
6969
1249
2246
6987
1190
5979
2164
3162
1201
5941
2143
3124
1146
7085
1400
6477
2135
3134
4115
1644
2627
6006
2208
3192
1246
7137
2684
1157
6966
1186
2199
3181
4181
1229
6833
972
6319
2520
975
6771
1004
2000
2999
782
8784
2779
3778
1292
6558
2822
1276
9277
3286
1503
9487
3482
4461
1671
2669
3669
1149
2900
1325
9343
3323
1188
9188
3185
1192
9195
3189
971
6765
921
8921
2898
891
8892
2871
7660
2008
3005
3988
1531
7167
1480
9484
3478
1407
9408
3417
1473
6837
976
6866
3033
1506
2505
3504
1002
6765
904
8904
2882
7379
1723
7068
1283
5749
2011
5553
1735
6379
2804
1273
6922
2755
3750
1758
2772
3768
1249
7108
1308
6736
3113
1585
2581
3578
1122
9105
3100
866
8851
2844
7006
1224
9543
3528
2384
3383
1406
9392
3386
4366
3014
1486
9488
3465
4464
3160
1630
2626
3624
1089
9092
3070
4069
2699
1155
9156
3149
11135
2236
3219
1257
7197
1350
6378
2644
1115
6509
2743
1261
9245
954
8937
2932
3929
1346
2328
3325
4323
1338
9340
3317
7418
1763
9747
3740
1507
2504
3500
1027
9030
3023
6627
2906
1379
9382
1232
6612
2780
1234
6836
925
5871
2071
3068
4049
1594
9578
3570
4551
1246
6131
2301
3281
1339
2784
1226
2224
3222
4218
1266
6836
1181
6976
1211
6544
2839
1295
9297
3291
7776
2154
3153
1176
2173
7247
1576
6477
2804
1259
6575
2807
1279
6595
2861
1332
6647
832
8816
2812
692
8693
2686
10671
1594
2574
3574
1119
6769
1004
2739
3752
4732
1363
9350
3343
7026
1357
6223
2362
816
6306
2441
3440
4439
1966
2965
926
8927
2906
6478
2697
1169
2166
5146
1346
7284
1647
5633
1786
5916
2293
3308
1313
9345
3341
8801
2937
1409
2407
3404
4384
1433
2413
3412
922
1921
2918
3898
4895
1446
2442
3439
952
5914
2097
3094
1119
9105
3100
4080
808
6570
2835
1307
6573
744
6475
2724
3721
1744
2740
3722
1217
6660
2828
1300
6983
1314
6468
2716
1186
6518
2717
1189
9175
3168
7349
1662
7040
1273
2270
6960
1308
6542
2695
1167
6468
2556
1028
9028
3005
4002
2922
1394
2390
3387
4385
1402
2401
3382
942
1941
2937
3934
4930
1436
2434
3445
944
6689
2920
1392
6868
880
8864
2841
3839
1207
9191
3184
5875
2061
3058
1081
5565
1813
2810
3807
1352
5850
2116
3113
4096
1670
2668
3648
1111
9113
3108
1979
2975
966
6474
2738
1208
6874
2483
3478
1469
2468
3483
948
8948
2940
5744
1930
2926
3923
1467
2467
3465
929
6418
2603
1073
9073
3084
1430
6857
1028
6775
977
8960
2955
7039
1387
6622
839
6089
2291
3289
1298
5399
1600
2615
5228
1414
2413
7313
1659
9643
3636
907
8907
2884
6136
2335
3332
1356
2610
1048
6311
2511
3508
1513
2509
3506
985
8985
2963
3960
2927
1397
6663
2911
1382
6949
1309
6109
2375
846
6831
1177
2190
7087
1448
6233
1920
2917
3899
1458
9435
3430
1212
9212
3191
8138
2484
940
9181
3192
7768
2098
3096
1153
6578
2954
1423
5858
1452
2447
6755
1100
6335
2521
992
8992
2985
927
8927
2906
3902
1270
2268
3263
4246
1244
9244
3237
6890
1044
2040
3039
4019
5018
1585
2583
3581
1092
9092
3070
4066
2906
1377
6579
2843
1316
2295
3308
4288
1321
7195
1381
5898
2115
3098
1106
1343
1565
1772
2027
2234
2454
2693
1683
1106
1327
1564
1786
2008
2246
2469
2690
1680
1103
1340
1578
1783
2022
2243
2480
2701
2939
3162
2152
1559
1795
2018
2241
2479
2700
2937
1928
1335
1574
1796
2033
2254
2490
2711
2950
1955
1347
1586
1807
2030
2266
2487
2723
1716
1122
1359
1578
1817
2039
2262
2499
2720
1725
1133
1354
1592
1814
2051
2272
2509
2730
2970
3192
2181
1587
1826
2047
2283
2504
2743
2964
1953
1376
1597
1837
2057
2277
2516
2736
2957
1966
1372
1609
1829
2068
2289
2528
2748
1740
1147
1385
1623
1846
2069
2291
2528
2749
1740
1161
1400
1623
1843
2082
2304
2540
2762
2999
3219
2211
1616
1854
2093
2316
2537
2774
2998
1987
1393
1629
1852
2088
2310
2548
2769
1772
1182
1403
1639
1875
2081
2320
2558
2779
1768
1174
1412
1633
1871
2094
2331
2552
1543
964
1185
1405
1642
1865
2103
2326
2547
2783
3004
3243
2232
1639
1875
2099
2337
2558
2781
3019
2009
1414
1653
1873
2110
2330
2551
2791
1780
1201
1424
1663
1883
2122
2345
2581
2802
1794
1199
1439
1659
1897
2118
2338
2578
1569
993
1213
1450
1671
1894
2131
2353
2593
2813
3034
2039
1445
1668
1890
2127
2366
2587
2827
3050
2036
1442
1679
1902
2141
2364
2587
2826
1833
1241
1461
1700
1923
2161
2384
2607
2844
1833
1238
1477
1700
1920
2158
2395
2599
1607
1028
1249
1467
1705
1926
2163
2384
2604
2841
3063
2069
1474
1697
1936
2173
2377
2616
2839
3076
2067
1475
3758
2747
2155
2392
2612
2851
1843
1268
1490
1729
1950
2189
2411
2633
2870
1860
1267
1485
1723
1944
2181
2401
2624
1630
1052
1271
1491
1712
1951
2187
2409
2631
2853
3090
2082
1500
1752
2001
2235
2466
2715
2945
1940
1355
1600
1843
2073
2303
2531
2773
1783
1196
1437
1664
1890
2132
2355
2598
2822
1833
1228
1467
1691
1934
2157
2399
2622
1616
1039
1265
1488
1727
1952
2193
2416
2657
2882
3121
2114
1523
1746
1984
2207
2445
2668
2907
3126
2110
1511
1745
1977
2194
2413
2648
2866
1869
1271
1492
1729
1950
2187
2406
2641
2861
1852
1256
1493
1714
1951
2175
2395
2648
1639
1031
1267
1488
1725
1947
2186
2409
2646
2867
3106
2096
1504
1725
1962
2187
2425
2645
2882
3105
2097
1521
1744
1967
2206
2427
2666
2889
1894
1299
1523
1745
1985
2208
2447
2684
1676
1081
1318
1541
1779
2000
2239
2446
2702
1679
1101
1324
1546
1783
2020
2242
2463
2703
2926
3149
2155
1561
1801
2022
2243
2465
2702
2923
1928
1336
1559
1798
2019
2243
2482
2703
2943
1949
1355
1578
1815
2037
2274
2498
2737
1711
1134
1359
1598
1836
2057
2281
2505
1497
920
1142
1381
1620
1842
2063
2300
2522
2761
2983
3206
2212
1616
1838
2061
2298
2535
2759
2998
1990
1396
1623
1862
2084
2321
2542
2765
3018
2008
1414
1636
1859
2099
2320
2559
2783
1775
1195
1417
1654
1875
2096
2332
2553
1543
964
1187
1426
1647
1885
2106
2343
2564
2785
3024
3245
2252
1642
1879
2100
2338
2577
2796
3017
2009
1432
1655
1893
2114
2353
2574
2797
1803
1224
1430
1684
1891
2128
2367
2588
2811
1801
1224
1447
1684
1908
2145
2366
2589
1581
1003
1226
1465
1688
1925
2147
2385
2606
2829
3068
2058
1467
1688
1924
2147
2387
2626
2847
3068
2060
1475
1699
1936
2157
2380
2618
2839
1849
1255
1476
1715
1938
2177
2399
2620
2859
1849
1255
1494
1717
1956
2179
2402
2642
1633
1055
1279
1502
1739
1977
2198
2436
2657
2878
3116
2108
1514
1735
1974
2195
2434
2656
2892
3118
2124
1514
1754
1975
2214
2436
2673
2897
1905
1312
1535
1756
1995
2216
2454
2693
1684
1088
1311
1548
1769
1993
2232
2453
2691
1681
1104
1325
1548
1788
2026
2247
2468
2706
2929
3169
2158
1566
1788
2025
2246
2470
2708
2929
1937
1343
1581
1804
2041
2263
2502
2707
2945
3168
2176
1584
1821
2044
2286
2509
2747
1736
1142
1365
1603
1825
2061
2283
2504
2746
1734
1140
1379
1600
1840
2061
2298
2520
2760
2983
3205
2210
1617
1838
2059
2297
2537
2760
2982
1985
1388
1609
1846
2067
2303
2522
2743
2978
1967
1373
1610
1845
2065
2300
2521
2742
1731
1152
1374
1611
1833
2054
2292
2513
2750
1739
1145
1383
1602
1838
2060
2298
2519
2739
2975
3195
2200
1592
1828
2049
2286
2524
2744
2966
1957
1379
1598
1834
2055
2275
2511
2733
2969
1958
1365
1601
1838
2058
2278
2514
2737
1728
1133
1371
1608
1829
2048
2269
2505
1498
921
1142
1365
1601
1840
2062
2301
2521
2757
2980
3202
2190
1598
1836
2057
2293
2515
2752
2974
1967
1373
1612
1834
2073
2295
2516
2755
2993
1985
1391
1630
1850
2089
2310
2532
2771
1761
1166
1403
1624
1845
2086
2307
2545
1535
958
1182
1402
1641
1864
2103
2326
2562
2783
3022
3242
2232
1639
1878
2101
2338
2559
2781
3020
2012
1415
1656
1893
2114
2337
2575
2798
3020
2025
1432
1671
1892
2131
2352
2590
2810
1799
1221
1441
1680
1885
2140
2344
2583
1589
996
1217
1438
1675
1896
2134
2356
2577
2814
3036
2043
1448
1669
1905
2127
2363
2584
2805
3042
2034
1441
1678
1901
2140
2363
2586
2823
1828
1234
1455
1694
1915
2152
2375
2614
2837
1827
1251
1474
1695
1918
2156
2395
2618
1611
1016
1254
1491
1714
1936
2173
2394
2633
2856
3080
2088
1496
1716
1956
2176
2398
2635
2856
3094
2083
1490
1726
1950
2189
2410
2633
2870
1860
1282
1506
1743
1966
2189
2428
2649
1655
1061
1282
1520
1741
1963
2203
2426
2664
1655
1079
1302
1539
1760
1983
2223
2446
2685
2890
3129
2121
1543
1764
1986
2225
2464
2685
2922
1912
1320
1540
1779
2001
2222
2459
2697
2920
1909
1317
1556
1794
2015
2239
2476
2697
1688
1112
1333
1570
1793
2014
2251
2475
2713
1705
1127
1350
1587
1810
2034
2270
2493
2732
2954
3175
2167
1588
1809
2046
2285
2490
2729
2950
1958
1363
1586
1809
2048
2271
2508
2731
2954
1962
1367
1606
1827
2068
2304
2525
2746
1736
1159
1380
1617
1838
2061
2300
2523
1513
936
1175
1396
1620
1855
2078
2301
2539
2760
2997
3220
2212
1633
1854
2092
2313
2534
2771
2993
1983
1406
1626
1845
2084
2307
2546
2769
3008
2000
1405
1645
1884
2107
2328
2564
2788
1778
1185
1424
1645
1882
2106
2344
2567
1559
982
1205
1442
1665
1901
2124
2363
