935
626
2475
1207
775
1831
1278
1210
1850
2475
1848
1267
2471
1207
929
1196
983
2481
1217
1272
1207
479
551
1113
640
1853
2488
2498
1836
1848
2501
2490
1191
1848
1280
3114
3140
1858
2488
2489
1207
2481
1831
2490
2487
1834
1209
1871
579
1272
1848
2447
1832
2488
2483
1196
577
1208
337
439
1849
1850
3112
1848
1859
2473
2477
1207
233
1210
490
1220
823
1207
1277
2472
1207
631
1850
1849
567
929
2477
1207
764
1832
567
391
2487
2485
1207
2487
2473
1210
1283
1197
633
1209
2652
1847
569
2195
1194
1847
2399
1196
924
2499
1221
2474
2498
1220
1271
3139
1858
2511
1847
837
1217
1836
1035
1219
1270
2484
1206
770
1208
1205
1847
2475
569
643
2472
1209
1279
1832
2487
1208
1174
1191
598
1857
2473
567
1044
1192
1856
2497
578
1101
1208
544
1199
629
1857
1836
3130
1850
1847
2471
2497
1218
1833
2488
1210
632
1210
967
2488
3117
1848
1842
2472
2488
1208
2485
2489
1208
802
2472
567
630
2475
2488
1220
1851
1114
2498
1218
2464
1205
887
2485
1207
825
2489
568
639
2488
2472
1208
643
1194
632
2498
1218
2475
2498
1219
1276
1207
1059
2474
1848
1278
1221
1108
2496
1219
756
1206
1825
1832
3127
1208
784
1832
816
1220
1072
1844
2496
2474
1209
2497
2488
1195
884
1854
2473
567
934
2475
1208
1283
1218
1134
2497
1218
2492
1204
638
1838
2488
1210
570
1832
1840
2430
1195
1835
1858
1833
2494
1208
636
1832
2447
3128
1835
1844
2499
1215
936
2451
2488
1192
1850
2488
1192
714
568
976
1210
1849
639
2473
578
353
2485
3138
1859
2489
2488
532
628
1192
2272
568
476
2488
1208
1844
1213
1209
1720
2473
1214
1098
2473
1197
745
1218
634
568
1268
1298
3122
3124
1836
2489
2498
1218
629
1850
2489
2472
1209
692
1835
2472
2498
1218
1832
1848
568
227
1844
2502
2473
1211
1274
1219
1188
2500
1219
886
3141
1858
1832
2489
2498
1221
1848
1849
566
1825
1848
2498
2472
1208
1848
1015
1835
1851
2488
1192
629
1859
885
571
1279
1218
1029
1209
1857
2473
569
628
2473
1208
943
2484
3113
1205
828
1193
2624
2498
2472
1209
1848
1273
2472
1216
1809
2473
570
1269
578
572
1848
1203
2473
1208
938
3112
1208
892
3128
243
692
1683
1192
1850
1200
1192
541
1208
2488
3128
772
1199
1832
2489
569
1271
2489
2494
1216
1834
1209
3082
552
956
2489
1194
2490
2501
3128
323
678
1331
782
1209
641
3112
1848
1865
2489
2489
1197
1857
2472
1210
1859
1842
2489
2498
1219
2472
2494
1216
800
1218
1268
2472
1209
1156
2490
1192
340
2491
2470
1211
1858
2472
1208
1848
1850
2473
569
693
2474
2488
1209
524
2489
1209
1184
1192
230
2488
1192
997
1859
1832
569
716
1220
1268
2498
1219
1269
1208
630
2476
1204
1181
1849
2472
1211
1272
1832
572
2498
1220
533
1208
1268
1833
3135
569
544
1849
564
630
1268
1206
632
434
844
1142
1192
1012
1861
2488
568
676
2490
2478
1208
1270
1196
1181
2495
2488
2497
1210
1860
788
1848
1861
563
1212
2498
1218
628
568
771
1832
2488
1204
1180
1208
1196
2490
1194
1273
568
432
2488
1210
2596
2488
2498
1220
1137
2498
1218
1824
2488
964
628
2488
2499
1226
2464
2498
450
593
570
1909
2472
1208
1268
2489
1193
1279
2488
1194
648
1208
1277
2491
1210
2111
1192
631
1859
2472
2490
1208
628
1208
2464
2489
1192
1278
3130
1832
227
1208
788
2488
1848
1849
2472
1208
687
1192
1272
1026
1913
1210
760
1218
944
1848
628
1833
629
2499
1218
544
2485
3129
1830
2504
2488
1192
1176
1209
1269
3129
1849
2488
2472
1208
1272
2472
1208
1278
1847
1180
564
2479
1832
2500
2488
1193
1261
1846
2488
2490
1208
1276
1833
2489
3112
1832
2491
2501
1218
839
1852
2491
2472
1208
1909
1194
1837
1858
2490
1192
868
1218
536
2488
1208
942
2490
566
1184
1192
1282
2489
2474
1208
1843
1396
3128
898
1268
1832
1268
1218
2724
3140
1858
1832
2489
1217
913
1832
920
3131
1192
544
1209
953
2488
1211
638
1192
1078
1859
2472
2485
1208
2836
1851
2498
578
457
1849
2018
754
1268
1208
1848
1849
2498
578
1269
1207
1078
1192
1004
3128
1218
628
1848
1825
1833
2488
258
628
629
1211
641
2488
1208
1059
2472
1210
922
3112
1211
756
578
1268
1848
570
2645
1209
2661
1194
2480
2507
1218
792
568
480
2475
3138
1218
1268
1849
1282
1221
836
2499
1218
1184
2488
2489
2472
1836
1858
579
582
1208
674
2472
1208
1858
1650
1208
1277
1219
792
1208
1282
1832
2488
1210
1825
1208
707
3126
1832
1848
2488
2472
1208
1858
2472
1209
1848
1848
2472
2500
1229
2476
2484
1208
994
1848
2499
578
1268
1848
2488
1194
864
3128
1196
757
1208
991
2472
3141
1863
2472
2488
1208
948
2488
1208
1268
1192
1164
2488
1192
1012
2498
1221
542
1848
1270
1192
628
573
1284
616
1210
1145
2484
1210
1117
2472
1208
774
1192
1268
3130
1844
1848
2501
2488
1194
1849
2488
1194
1848
1854
2487
2489
1208
2488
2472
1207
873
3112
1848
1207
1218
1838
1852
3128
1192
1270
1218
835
1850
1858
1218
775
1849
2488
2456
1210
492
1832
2490
3128
1847
2472
2499
1219
944
1848
1860
2472
1208
1088
2488
1192
1196
2488
2474
1207
1858
2473
1213
632
1215
707
1848
2492
2471
1208
1858
1831
567
575
2488
555
1162
2492
1192
557
1208
780
601
1279
1090
1268
568
706
560
724
2498
301
2474
1207
1044
1217
1835
480
1217
1834
1272
1208
2736
2487
1208
480
1192
885
2491
3111
354
1281
1219
471
2498
2487
1192
1848
2487
1192
1273
1858
2487
2488
1208
297
2471
1209
641
1192
840
1850
578
1272
1208
1858
2739
1848
627
1832
2487
3127
1850
2467
2497
1218
727
1848
1267
2475
1207
2672
1848
632
1849
2487
559
630
2487
1193
1200
1211
1848
1274
568
767
1833
567
1267
1831
567
1282
2488
2489
1207
1857
1832
2472
1208
529
1847
631
1217
1838
1847
2489
2472
1211
2501
2475
1208
1282
1847
2474
2499
1218
1001
2443
1857
1835
2487
2498
1217
1179
1207
695
1195
2488
1207
1208
1208
1849
1207
2488
1847
2490
567
1208
567
1835
1191
1832
1831
2471
1835
1218
577
1218
1217
1858
1857
2497
1858
3137
2497
3140
1210
1207
1208
1847
1849
1847
2471
2475
1195
1193
1192
1839
1848
1847
2486
2499
2498
1209
1211
1207
1207
1847
2488
2491
2487
1207
567
1208
1194
1833
1192
2471
1831
2471
577
1217
1217
1857
1220
2498
1858
2497
2497
3140
2498
1212
1207
1207
1850
1849
2471
2472
2475
1192
1195
1191
1847
1847
1847
2489
2489
2490
1207
1206
1847
1847
1847
2491
2486
2486
1209
1209
1208
1838
1831
1832
2467
2475
2475
576
1217
1217
1858
1218
2499
1859
2497
2497
3137
2498
1207
1207
1850
1847
1847
2475
2475
2475
1195
1191
1191
1848
1301
1847
2486
2487
1207
1207
1211
1848
1207
2499
2487
2490
2490
1210
568
1207
1842
1831
1831
2472
2476
578
1217
577
1859
1213
1858
1857
3127
1859
3768
2497
3140
1206
1848
1856
2487
1848
3115
2474
3113
1195
1195
1191
1847
1852
1847
2487
2490
1207
1207
1209
1848
1847
1847
2491
2487
2488
1209
1847
1208
1831
1836
2475
2476
2475
577
577
1220
1227
1858
1222
2498
1861
2498
1857
3137
1207
1207
1207
1847
1847
2487
2473
2475
2475
1195
1196
1191
1850
1847
1848
2487
2491
1213
1206
1207
1848
1849
1847
2487
2487
2487
1207
1209
1837
1833
1835
2475
1831
2474
577
1217
578
1857
1219
1858
1861
2497
2499
3137
2498
1847
1207
1207
1848
1847
1846
3118
2477
3115
1191
1192
2476
1847
1850
1847
2487
2488
1207
1207
1206
1847
1847
1847
2488
2491
2487
1208
567
1831
1195
1835
1835
2476
1835
1217
578
1217
1220
1857
1218
2497
1853
3140
3137
3139
1209
1848
1213
2487
1847
2486
2480
3755
1195
1191
1199
1847
1847
1849
2488
2487
1207
1211
567
1847
1849
1848
2487
2487
1847
1207
567
1213
1191
1836
1835
2475
2475
577
578
577
1217
1219
1858
1853
2497
2497
3767
2501
1210
1208
1210
1847
1847
1847
2471
3111
2479
1183
1191
1847
1845
1847
2487
2487
2490
1207
1207
1207
1850
2498
1849
2487
2491
2487
1207
567
1835
1192
1835
2471
2475
1835
581
580
577
1857
1219
1857
1858
2501
2498
3137
2501
1850
1208
1847
1847
2487
1847
3115
2471
3111
1192
1195
1847
1847
1847
2490
2487
2488
1207
1208
1208
1847
1846
1847
2487
2491
1207
1207
1207
1835
1205
1835
1835
2474
1835
1218
577
1218
1217
1858
1857
2497
1857
3138
2501
3138
1206
1209
771
1847
1847
1843
2475
3115
1191
1195
1192
1850
1847
1851
1853
2491
2487
1207
1214
1207
1209
1847
2489
2487
2487
1207
1208
1207
1835
1195
1828
1823
2476
581
1217
577
1859
1221
1857
1857
1857
2497
2497
3137
2497
1207
1207
1847
1847
1847
2475
2471
2471
1192
1194
1191
1848
1847
1847
2487
2488
2487
1207
1203
1847
1847
1847
2487
2487
2490
1209
567
1211
1195
1834
1834
2467
1837
1221
573
1221
1217
1858
1219
1856
1857
1862
2497
2497
2501
1211
1208
1843
1850
1847
2475
2475
2476
1195
1195
1195
1849
1839
1848
2491
2490
1208
1210
1207
1208
1847
1208
2492
2488
2488
570
1208
567
1835
1194
1835
1832
2475
580
1217
577
1861
1218
1858
1857
2498
1858
3140
2496
1211
1207
1207
1847
1848
1847
2475
2475
2475
1195
1195
1195
1847
1835
2490
2487
2487
569
1208
1208
1850
1851
1861
2487
2489
2490
1224
567
1835
1191
1835
1835
2475
2472
576
577
578
1857
1217
1857
1861
2497
2497
3138
2497
1863
1207
1848
1847
2490
1847
2475
2475
2475
1195
1195
1848
1847
1847
2487
2486
2489
1210
1207
1207
1849
1847
1851
2487
2488
1208
1208
567
1835
1195
1831
1835
2463
1832
1221
577
1217
1221
1217
2497
1859
2497
2497
3140
2498
1207
1836
1208
1847
2491
1848
3115
2475
1195
1195
644
1847
1300
1847
2487
2490
2487
2487
1208
1848
1847
1848
2487
2487
2486
1847
1207
1208
1835
1831
1832
2474
2475
2475
577
581
1217
1217
1857
1857
2490
1860
3138
2496
3137
1207
1208
1847
1853
1857
2471
2471
2474
1198
1195
1195
1849
1847
1847
2487
2491
2487
1207
1210
1851
1848
1847
2490
2493
2487
1217
1207
1207
1195
1834
1835
2471
2474
2487
1217
577
1217
1217
1217
1857
1857
2494
2497
3138
2499
1207
1207
1847
1851
2487
2471
3114
2473
1195
1835
1191
1846
1850
1848
2487
2486
2487
1206
1208
1207
1849
1847
2487
2487
2490
1207
1212
1207
1835
1831
1836
2475
2475
577
1216
582
1217
1221
1857
1858
2497
1857
1856
2497
3137
1207
1207
1211
2489
1847
3114
2475
3116
1191
1194
1195
1847
1847
1848
2487
2487
2487
1206
1207
1847
1847
1846
2484
2491
2487
1207
567
1207
1191
1836
1183
2475
1835
1217
577
1217
1217
1857
1217
2501
1850
2497
2498
3137
2497
1847
1207
2487
1847
1848
2472
2474
2475
1197
1195
1195
1849
1848
1847
2490
2488
2487
1208
1207
1847
1848
1847
2486
2490
2487
1210
385
1211
1191
1835
1835
2475
1833
1216
577
1217
1216
1857
1220
2497
1860
2497
2497
3138
1206
1847
1210
2487
1847
2487
2475
2476
2474
1196
1196
1195
1848
1847
1839
2488
2487
1207
1208
1207
1847
1848
1210
2488
1847
2504
567
1207
1183
1832
1194
2475
1834
2480
577
1220
577
1858
1218
1861
1857
2498
1861
3137
2493
1207
1208
1207
1847
1847
2488
2471
3112
2471
1195
1191
1847
1846
1847
2487
2487
2491
1207
1207
1207
1847
1847
1850
2487
2487
1207
1209
1207
1835
1835
1836
2476
2471
2475
580
1220
577
1858
1220
2497
1861
2497
2500
3138
2499
1211
1210
1207
1848
1847
1848
2479
2471
1195
1198
1191
1851
1851
1847
2487
1941
2487
1207
1207
1211
1849
1850
2488
2487
2486
551
1207
567
1835
1195
1837
1832
2471
2474
1217
577
577
1217
1217
1860
1857
2498
2497
3143
2499
1849
1208
1848
1850
1848
1848
2474
2476
1194
645
1191
1196
2487
1848
2487
2490
2487
1207
1207
1851
1847
1851
2487
2492
2487
1207
1208
1210
1842
1835
1836
1841
2475
577
1221
1217
1860
1218
1858
1859
1857
1859
2500
3140
2500
1850
1208
2486
1847
1852
2474
2471
2474
1190
1195
1196
2494
1850
1849
2492
2488
2489
566
1213
1848
1846
1851
2490
1847
2488
570
1209
567
1832
1198
2476
1837
2472
577
1223
573
1861
1220
1857
1857
2500
