2021,11,06,20,53,12,730
2021,11,06,20,53,37,359
2021,11,06,20,53,56,631
2021,11,06,20,54,18,379
2021,11,06,20,54,45,51
2021,11,06,20,55,2,555
2021,11,06,20,55,29,995
2021,11,06,20,55,46,699
2021,11,06,20,56,8,456
2021,11,06,20,56,35,991
2021,11,06,20,56,52,619
2021,11,06,20,57,21,359
2021,11,06,20,57,36,795
2021,11,06,20,57,58,539
2021,11,06,20,58,26,987
2021,11,06,20,58,42,711
2021,11,06,20,59,10,443
2021,11,06,20,59,26,875
2021,11,06,20,59,48,619
2021,11,06,21,0,16,715
2021,11,06,21,0,32,779
2021,11,06,21,1,1,667
2021,11,06,21,1,16,955
2021,11,06,21,1,38,811
2021,11,06,21,2,7,439
2021,11,06,21,2,22,871
2021,11,06,21,2,44,619
2021,11,06,21,3,7,19
2021,11,06,21,3,28,791
2021,11,06,21,3,51,178
2021,11,06,21,4,12,936
2021,11,06,21,4,35,339
2021,11,06,21,4,57,115
2021,11,06,21,5,18,859
2021,11,06,21,5,46,319
2021,11,06,21,6,3,35
2021,11,06,21,6,25,419
2021,11,06,21,6,47,179
2021,11,06,21,7,8,939
2021,11,06,21,7,31,339
2021,11,06,21,7,53,99
2021,11,06,21,8,21,906
2021,11,06,21,8,37,275
2021,11,06,21,8,59,19
2021,11,06,21,9,21,419
2021,11,06,21,9,43,194
2021,11,06,21,10,5,578
2021,11,06,21,10,27,339
2021,11,06,21,10,49,99
2021,11,06,21,11,17,835
2021,11,06,21,11,33,258
2021,11,06,21,12,0,179
2021,11,06,21,12,17,434
2021,11,06,21,12,39,178
2021,11,06,21,13,1,583
2021,11,06,21,13,23,351
2021,11,06,21,13,52,131
2021,11,06,21,14,7,499
2021,11,06,21,14,30,475
2021,11,06,21,14,56,267
2021,11,06,21,15,13,417
2021,11,06,21,15,35,819
2021,11,06,21,15,57,595
2021,11,06,21,16,19,338
2021,11,06,21,16,41,739
2021,11,06,21,17,3,515
2021,11,06,21,17,25,910
2021,11,06,21,17,47,659
2021,11,06,21,18,15,877
2021,11,06,21,18,31,819
2021,11,06,21,19,1,347
2021,11,06,21,19,15,979
2021,11,06,21,19,43,883
2021,11,06,21,19,59,499
2021,11,06,21,20,26,959
2021,11,06,21,20,43,675
2021,11,06,21,21,5,419
2021,11,06,21,21,30,315
2021,11,06,21,21,49,579
2021,11,06,21,22,11,977
2021,11,06,21,22,33,739
2021,11,06,21,23,1,547
2021,11,06,21,23,17,911
2021,11,06,21,23,39,659
2021,11,06,21,24,6,983
2021,11,06,21,24,23,834
2021,11,06,21,24,45,579
2021,11,06,21,25,13,275
2021,11,06,21,25,29,739
2021,11,06,21,25,52,142
2021,11,06,21,26,13,899
2021,11,06,21,26,35,659
2021,11,06,21,26,58,75
2021,11,06,21,27,19,819
2021,11,06,21,27,47,917
2021,11,06,21,28,3,991
2021,11,06,21,28,32,75
2021,11,06,21,28,48,139
2021,11,06,21,29,15,494
2021,11,06,21,29,32,299
2021,11,06,21,29,54,57
2021,11,06,21,30,22,511
2021,11,06,21,30,38,233
2021,11,06,21,30,59,979
2021,11,06,21,31,28,867
2021,11,06,21,31,44,151
2021,11,06,21,32,13,875
2021,11,06,21,32,28,298
2021,11,06,21,32,50,59
2021,11,06,21,33,11,835
2021,11,06,21,33,34,219
2021,11,06,21,33,55,979
2021,11,06,21,34,25,355
2021,11,06,21,34,40,139
2021,11,06,21,35,1,899
2021,11,06,21,35,30,675
2021,11,06,21,35,46,59
2021,11,06,21,36,15,435
2021,11,06,21,36,30,219
2021,11,06,21,36,51,991
2021,11,06,21,37,20,311
2021,11,06,21,37,36,139
2021,11,06,21,38,4,879
2021,11,06,21,38,20,303
2021,11,06,21,38,42,61
2021,11,06,21,39,10,659
2021,11,06,21,39,26,219
2021,11,06,21,39,49,271
2021,11,06,21,40,10,380
2021,11,06,21,40,32,154
2021,11,06,21,40,54,539
2021,11,06,21,41,21,995
2021,11,06,21,41,38,715
2021,11,06,21,42,0,458
2021,11,06,21,42,28,557
2021,11,06,21,42,44,635
2021,11,06,21,43,6,379
2021,11,06,21,43,28,139
2021,11,06,21,43,56,979
2021,11,06,21,44,12,315
2021,11,06,21,44,41,71
2021,11,06,21,44,56,462
2021,11,06,21,45,18,235
2021,11,06,21,45,40,619
2021,11,06,21,46,7,23
2021,11,06,21,46,24,794
2021,11,06,21,46,46,539
2021,11,06,21,47,8,299
2021,11,06,21,47,30,699
2021,11,06,21,47,57,46
2021,11,06,21,48,14,858
2021,11,06,21,48,40,482
2021,11,06,21,48,58,391
2021,11,06,21,49,25,198
2021,11,06,21,49,42,539
2021,11,06,21,50,4,951
2021,11,06,21,50,26,699
2021,11,06,21,50,48,459
2021,11,06,21,51,10,859
2021,11,06,21,51,32,635
2021,11,06,21,51,55,19
2021,11,06,21,52,16,779
2021,11,06,21,52,38,553
2021,11,06,21,53,0,939
2021,11,06,21,53,22,699
2021,11,06,21,53,50,795
2021,11,06,21,54,6,859
2021,11,06,21,54,33,979
2021,11,06,21,54,51,19
2021,11,06,21,55,12,795
2021,11,06,21,55,34,539
2021,11,06,21,55,56,955
2021,11,06,21,56,18,714
2021,11,06,21,56,41,99
2021,11,06,21,57,2,859
2021,11,06,21,57,24,622
2021,11,06,21,57,47,19
2021,11,06,21,58,8,779
2021,11,06,21,58,36,75
2021,11,06,21,58,52,955
2021,11,06,21,59,14,699
2021,11,06,21,59,44,79
2021,11,06,21,59,58,875
2021,11,06,22,0,21,259
2021,11,06,22,0,43,23
2021,11,06,22,1,4,776
2021,11,06,22,1,32,395
2021,11,06,22,1,48,939
2021,11,06,22,2,10,699
2021,11,06,22,2,39,523
2021,11,06,22,2,54,862
2021,11,06,22,3,24,619
2021,11,06,22,3,39,35
2021,11,06,22,4,0,779
2021,11,06,22,4,28,682
2021,11,06,22,4,44,939
2021,11,06,22,5,7,339
2021,11,06,22,5,36,79
2021,11,06,22,5,50,859
2021,11,06,22,6,13,275
2021,11,06,22,6,35,19
2021,11,06,22,7,3,115
2021,11,06,22,7,19,195
2021,11,06,22,7,46,634
2021,11,06,22,8,3,339
2021,11,06,22,8,25,98
2021,11,06,22,8,46,875
2021,11,06,22,9,9,259
2021,11,06,22,9,31,19
2021,11,06,22,9,59,115
2021,11,06,22,10,15,179
2021,11,06,22,10,42,859
2021,11,06,22,10,59,355
2021,11,06,22,11,21,99
2021,11,06,22,11,49,199
2021,11,06,22,12,5,259
2021,11,06,22,12,32,879
2021,11,06,22,12,49,421
2021,11,06,22,13,11,179
2021,11,06,22,13,39,151
2021,11,06,22,13,55,343
2021,11,06,22,14,23,523
2021,11,06,22,14,39,515
2021,11,06,22,15,1,261
2021,11,06,22,15,23,659
2021,11,06,22,15,51,603
2021,11,06,22,16,7,195
2021,11,06,22,16,35,91
2021,11,06,22,16,51,339
2021,11,06,22,17,18,355
2021,11,06,22,17,35,503
2021,11,06,22,17,57,261
2021,11,06,22,18,19,675
2021,11,06,22,18,41,419
2021,11,06,22,19,3,180
2021,11,06,22,19,25,579
2021,11,06,22,19,47,355
2021,11,06,22,20,14,543
2021,11,06,22,20,31,502
2021,11,06,22,20,53,275
2021,11,06,22,21,15,660
2021,11,06,22,21,41,535
2021,11,06,22,21,59,835
2021,11,06,22,22,21,579
2021,11,06,22,22,49,675
2021,11,06,22,23,5,739
2021,11,06,22,23,31,423
2021,11,06,22,23,49,901
2021,11,06,22,24,11,659
2021,11,06,22,24,39,815
2021,11,06,22,24,55,823
2021,11,06,22,25,24,559
2021,11,06,22,25,39,995
2021,11,06,22,26,1,739
2021,11,06,22,26,23,497
2021,11,06,22,26,51,27
2021,11,06,22,27,7,675
2021,11,06,22,27,30,67
2021,11,06,22,27,51,879
2021,11,06,22,28,13,595
2021,11,06,22,28,43,43
2021,11,06,22,28,57,739
2021,11,06,22,29,20,154
2021,11,06,22,29,41,899
2021,11,06,22,30,3,659
2021,11,06,22,30,32,399
2021,11,06,22,30,47,835
2021,11,06,22,31,9,627
2021,11,06,22,31,31,979
2021,11,06,22,31,53,755
2021,11,06,22,32,16,143
2021,11,06,22,32,37,899
2021,11,06,22,32,59,662
2021,11,06,22,33,27,451
2021,11,06,22,33,43,867
2021,11,06,22,34,6,218
2021,11,06,22,34,27,995
2021,11,06,22,34,49,738
2021,11,06,22,35,12,139
2021,11,06,22,35,33,915
2021,11,06,22,36,1,912
2021,11,06,22,36,18,58
2021,11,06,22,36,41,971
2021,11,06,22,37,2,219
2021,11,06,22,37,23,979
2021,11,06,22,37,51,439
2021,11,06,22,38,8,154
2021,11,06,22,38,29,899
2021,11,06,22,38,57,634
2021,11,06,22,39,14,75
2021,11,06,22,39,36,459
2021,11,06,22,39,58,219
2021,11,06,22,40,19,979
2021,11,06,22,40,42,379
2021,11,06,22,41,4,139
2021,11,06,22,41,32,878
2021,11,06,22,41,48,315
2021,11,06,22,42,10,275
2021,11,06,22,42,32,459
2021,11,06,22,43,0,71
2021,11,06,22,43,16,619
2021,11,06,22,43,38,379
2021,11,06,22,44,0,142
2021,11,06,22,44,28,294
2021,11,06,22,44,44,298
2021,11,06,22,45,12,587
2021,11,06,22,45,28,474
2021,11,06,22,45,50,218
2021,11,06,22,46,17,859
2021,11,06,22,46,34,394
2021,11,06,22,46,56,151
2021,11,06,22,47,24,123
2021,11,06,22,47,40,299
2021,11,06,22,48,8,393
2021,11,06,22,48,24,459
2021,11,06,22,48,48,719
2021,11,06,22,49,8,635
2021,11,06,22,49,30,395
2021,11,06,22,49,52,783
2021,11,06,22,50,14,555
2021,11,06,22,50,36,299
2021,11,06,22,50,58,699
2021,11,06,22,51,20,459
2021,11,06,22,51,49,199
2021,11,06,22,52,4,617
2021,11,06,22,52,26,379
2021,11,06,22,52,48,795
2021,11,06,22,53,10,539
2021,11,06,22,53,37,295
2021,11,06,22,53,54,715
2021,11,06,22,54,16,474
2021,11,06,22,54,38,859
2021,11,06,22,55,0,619
2021,11,06,22,55,22,395
2021,11,06,22,55,44,778
2021,11,06,22,56,6,539
2021,11,06,22,56,35,210
2021,11,06,22,56,50,703
2021,11,06,22,57,12,459
2021,11,06,22,57,34,875
2021,11,06,22,57,56,617
2021,11,06,22,58,24,723
2021,11,06,22,58,40,779
2021,11,06,22,59,8,319
2021,11,06,22,59,24,939
2021,11,06,22,59,46,698
2021,11,06,23,0,14,543
2021,11,06,23,0,30,857
2021,11,06,23,0,52,619
2021,11,06,23,1,15,35
2021,11,06,23,1,36,779
2021,11,06,23,1,59,179
2021,11,06,23,2,20,937
2021,11,06,23,2,42,715
2021,11,06,23,3,5,99
2021,11,06,23,3,26,861
2021,11,06,23,3,56,323
2021,11,06,23,4,11,19
2021,11,06,23,4,32,778
2021,11,06,23,4,55,195
2021,11,06,23,5,16,939
2021,11,06,23,5,38,699
2021,11,06,23,6,5,782
2021,11,06,23,6,22,875
2021,11,06,23,6,45,256
2021,11,06,23,7,7,19
2021,11,06,23,7,28,795
2021,11,06,23,7,57,518
2021,11,06,23,8,12,938
2021,11,06,23,8,38,862
2021,11,06,23,8,57,99
2021,11,06,23,9,25,199
2021,11,06,23,9,41,259
2021,11,06,23,10,7,679
2021,11,06,23,10,25,419
2021,11,06,23,10,47,182
2021,11,06,23,11,8,955
2021,11,06,23,11,31,337
2021,11,06,23,11,58,799
2021,11,06,23,12,15,515
2021,11,06,23,12,37,259
2021,11,06,23,13,4,406
2021,11,06,23,13,21,423
2021,11,06,23,13,43,195
2021,11,06,23,14,5,583
2021,11,06,23,14,34,118
2021,11,06,23,14,49,755
2021,11,06,23,15,16,483
2021,11,06,23,15,33,258
2021,11,06,23,15,55,675
2021,11,06,23,16,17,419
2021,11,06,23,16,39,179
2021,11,06,23,17,8,555
2021,11,06,23,17,23,355
2021,11,06,23,17,45,99
2021,11,06,23,18,13,939
2021,11,06,23,18,29,275
2021,11,06,23,18,51,657
2021,11,06,23,19,20,398
2021,11,06,23,19,35,179
2021,11,06,23,20,4,614
2021,11,06,23,20,19,339
2021,11,06,23,20,46,875
2021,11,06,23,21,3,515
2021,11,06,23,21,25,259
2021,11,06,23,21,53,59
2021,11,06,23,22,9,435
2021,11,06,23,22,31,819
2021,11,06,23,22,59,15
2021,11,06,23,23,15,339
2021,11,06,23,23,37,739
2021,11,06,23,24,5,135
2021,11,06,23,24,21,899
2021,11,06,23,24,43,675
2021,11,06,23,25,5,418
2021,11,06,23,25,32,308
2021,11,06,23,25,49,595
2021,11,06,23,26,16,486
2021,11,06,23,26,33,739
2021,11,06,23,26,55,499
2021,11,06,23,27,17,899
2021,11,06,23,27,39,657
2021,11,06,23,28,2,727
2021,11,06,23,28,23,835
2021,11,06,23,28,45,579
2021,11,06,23,29,7,979
2021,11,06,23,29,36,79
2021,11,06,23,29,51,498
2021,11,06,23,30,13,903
2021,11,06,23,30,35,661
2021,11,06,23,31,5,123
2021,11,06,23,31,19,819
2021,11,06,23,31,49,955
2021,11,06,23,32,3,995
2021,11,06,23,32,35,591
2021,11,06,23,32,48,139
2021,11,06,23,33,9,913
2021,11,06,23,33,31,659
2021,11,06,23,33,54,57
2021,11,06,23,34,15,819
2021,11,06,23,34,38,218
2021,11,06,23,35,0,509
2021,11,06,23,35,21,739
2021,11,06,23,35,50,325
2021,11,06,23,36,5,899
2021,11,06,23,36,29,515
2021,11,06,23,36,50,75
2021,11,06,23,37,11,819
2021,11,06,23,37,34,219
2021,11,06,23,37,55,979
2021,11,06,23,38,18,379
2021,11,06,23,38,40,151
2021,11,06,23,39,1,901
2021,11,06,23,39,24,315
2021,11,06,23,39,46,57
2021,11,06,23,40,7,818
2021,11,06,23,40,30,233
2021,11,06,23,40,51,979
2021,11,06,23,41,14,379
2021,11,06,23,41,36,139
2021,11,06,23,41,57,915
2021,11,06,23,42,20,303
2021,11,06,23,42,42,62
2021,11,06,23,43,9,995
2021,11,06,23,43,26,218
2021,11,06,23,43,54,959
2021,11,06,23,44,10,395
2021,11,06,23,44,32,139
2021,11,06,23,44,59,711
2021,11,06,23,45,16,297
2021,11,06,23,45,38,75
2021,11,06,23,46,5,807
2021,11,06,23,46,22,217
2021,11,06,23,46,44,638
2021,11,06,23,47,6,379
2021,11,06,23,47,28,139
2021,11,06,23,47,50,555
2021,11,06,23,48,12,299
2021,11,06,23,48,34,59
2021,11,06,23,48,56,459
2021,11,06,23,49,18,234
2021,11,06,23,49,40,617
2021,11,06,23,50,7,375
2021,11,06,23,50,24,154
2021,11,06,23,50,46,539
2021,11,06,23,51,8,299
2021,11,06,23,51,36,503
2021,11,06,23,51,52,458
2021,11,06,23,52,14,218
2021,11,06,23,52,42,403
2021,11,06,23,52,58,395
2021,11,06,23,53,25,719
2021,11,06,23,53,42,539
2021,11,06,23,54,4,315
2021,11,06,23,54,31,391
2021,11,06,23,54,48,459
2021,11,06,23,55,10,875
2021,11,06,23,55,32,618
2021,11,06,23,56,0,631
2021,11,06,23,56,16,779
2021,11,06,23,56,43,599
2021,11,06,23,57,0,939
2021,11,06,23,57,22,699
2021,11,06,23,57,50,799
2021,11,06,23,58,6,859
2021,11,06,23,58,34,317
2021,11,06,23,58,51,34
2021,11,06,23,59,12,783
2021,11,06,23,59,39,687
2021,11,06,23,59,56,939
2021,11,07,0,0,18,715
2021,11,07,0,0,40,459
2021,11,07,0,1,9,195
2021,11,07,0,1,24,635
2021,11,07,0,1,52,135
2021,11,07,0,2,8,779
2021,11,07,0,2,30,539
2021,11,07,0,2,59,375
2021,11,07,0,3,14,699
2021,11,07,0,3,43,439
2021,11,07,0,3,58,875
2021,11,07,0,4,20,623
2021,11,07,0,4,43,19
2021,11,07,0,5,10,563
2021,11,07,0,5,27,178
2021,11,07,0,5,48,943
2021,11,07,0,6,11,917
2021,11,07,0,6,38,799
2021,11,07,0,6,54,861
2021,11,07,0,7,22,967
2021,11,07,0,7,39,35
2021,11,07,0,8,1,782
2021,11,07,0,8,29,15
2021,11,07,0,8,44,955
2021,11,07,0,9,12,15
2021,11,07,0,9,29,96
2021,11,07,0,9,50,859
2021,11,07,0,10,13,259
2021,11,07,0,10,40,31
2021,11,07,0,10,56,777
2021,11,07,0,11,19,192
2021,11,07,0,11,40,939
2021,11,07,0,12,9,46
2021,11,07,0,12,25,115
2021,11,07,0,12,52,646
2021,11,07,0,13,9,262
2021,11,07,0,13,31,19
2021,11,07,0,13,53,419
2021,11,07,0,14,15,179
2021,11,07,0,14,36,939
2021,11,07,0,15,4,239
2021,11,07,0,15,21,99
2021,11,07,0,15,43,499
2021,11,07,0,16,5,275
2021,11,07,0,16,33,415
2021,11,07,0,16,49,419
2021,11,07,0,17,11,179
2021,11,07,0,17,39,279
2021,11,07,0,17,55,339
2021,11,07,0,18,18,186
2021,11,07,0,18,39,515
2021,11,07,0,19,1,259
2021,11,07,0,19,23,23
2021,11,07,0,19,51,207
2021,11,07,0,20,7,179
2021,11,07,0,20,34,711
2021,11,07,0,20,51,339
2021,11,07,0,21,13,115
2021,11,07,0,21,41,196
2021,11,07,0,21,57,259
2021,11,07,0,22,20,435
2021,11,07,0,22,41,419
2021,11,07,0,23,3,179
2021,11,07,0,23,30,591
2021,11,07,0,23,47,339
2021,11,07,0,24,9,739
2021,11,07,0,24,31,497
2021,11,07,0,24,59,91
2021,11,07,0,25,15,659
2021,11,07,0,25,37,419
2021,11,07,0,26,6,243
2021,11,07,0,26,21,579
2021,11,07,0,26,43,338
2021,11,07,0,27,12,719
2021,11,07,0,27,27,499
2021,11,07,0,27,49,899
2021,11,07,0,28,11,659
2021,11,07,0,28,33,443
2021,11,07,0,28,55,819
2021,11,07,0,29,17,579
2021,11,07,0,29,41,196
2021,11,07,0,30,1,739
2021,11,07,0,30,30,479
2021,11,07,0,30,45,915
2021,11,07,0,31,7,659
2021,11,07,0,31,37,39
2021,11,07,0,31,51,819
2021,11,07,0,32,13,594
2021,11,07,0,32,42,319
2021,11,07,0,32,57,739
2021,11,07,0,33,19,514
2021,11,07,0,33,47,579
2021,11,07,0,34,3,659
2021,11,07,0,34,32,399
2021,11,07,0,34,47,817
2021,11,07,0,35,9,577
2021,11,07,0,35,37,806
2021,11,07,0,35,53,755
2021,11,07,0,36,22,476
2021,11,07,0,36,37,899
2021,11,07,0,36,59,675
2021,11,07,0,37,22,57
2021,11,07,0,37,43,819
2021,11,07,0,38,11,919
2021,11,07,0,38,27,979
2021,11,07,0,38,56,163
2021,11,07,0,39,12,138
2021,11,07,0,39,33,915
2021,11,07,0,40,3,279
2021,11,07,0,40,18,57
2021,11,07,0,40,39,835
2021,11,07,0,41,7,851
2021,11,07,0,41,23,979
2021,11,07,0,41,51,919
2021,11,07,0,42,8,139
2021,11,07,0,42,29,899
2021,11,07,0,42,52,299
2021,11,07,0,43,14,75
2021,11,07,0,43,35,819
2021,11,07,0,44,3,869
2021,11,07,0,44,19,995
2021,11,07,0,44,48,75
2021,11,07,0,45,4,139
2021,11,07,0,45,32,234
2021,11,07,0,45,48,299
2021,11,07,0,46,16,267
2021,11,07,0,46,32,459
2021,11,07,0,46,58,963
2021,11,07,0,47,15,979
2021,11,07,0,47,42,799
2021,11,07,0,48,0,154
2021,11,07,0,48,27,599
2021,11,07,0,48,44,299
2021,11,07,0,49,6,59
2021,11,07,0,49,34,243
2021,11,07,0,49,50,232
2021,11,07,0,50,12,617
2021,11,07,0,50,34,399
2021,11,07,0,50,56,139
2021,11,07,0,51,18,539
2021,11,07,0,51,40,315
2021,11,07,0,52,8,491
2021,11,07,0,52,24,459
2021,11,07,0,52,51,918
2021,11,07,0,53,8,619
2021,11,07,0,53,30,378
2021,11,07,0,53,52,139
2021,11,07,0,54,14,555
2021,11,07,0,54,36,299
2021,11,07,0,55,5,35
2021,11,07,0,55,20,475
2021,11,07,0,55,42,219
2021,11,07,0,56,10,959
2021,11,07,0,56,26,379
2021,11,07,0,56,54,567
2021,11,07,0,57,10,543
2021,11,07,0,57,39,348
2021,11,07,0,57,54,715
2021,11,07,0,58,16,459
2021,11,07,0,58,38,859
2021,11,07,0,59,0,634
2021,11,07,0,59,29,367
2021,11,07,0,59,44,791
2021,11,07,1,0,6,539
2021,11,07,1,0,28,939
2021,11,07,1,0,50,699
2021,11,07,1,1,19,434
2021,11,07,1,1,34,875
2021,11,07,1,1,56,619
2021,11,07,1,2,19,35
2021,11,07,1,2,40,795
2021,11,07,1,3,2,538
2021,11,07,1,3,24,939
2021,11,07,1,3,46,699
2021,11,07,1,4,15,227
2021,11,07,1,4,30,857
2021,11,07,1,4,52,616
2021,11,07,1,5,15,35
2021,11,07,1,5,36,779
2021,11,07,1,6,4,879
2021,11,07,1,6,20,955
2021,11,07,1,6,50,403
2021,11,07,1,7,5,99
2021,11,07,1,7,26,857
2021,11,07,1,7,48,635
2021,11,07,1,8,17,119
2021,11,07,1,8,32,779
2021,11,07,1,9,0,331
2021,11,07,1,9,16,939
2021,11,07,1,9,38,699
2021,11,07,1,10,6,485
2021,11,07,1,10,22,857
2021,11,07,1,10,45,261
2021,11,07,1,11,13,443
2021,11,07,1,11,28,795
2021,11,07,1,11,57,515
2021,11,07,1,12,12,939
2021,11,07,1,12,35,355
2021,11,07,1,12,57,99
2021,11,07,1,13,18,875
2021,11,07,1,13,41,273
2021,11,07,1,14,3,19
2021,11,07,1,14,24,779
2021,11,07,1,14,53,519
2021,11,07,1,15,8,955
2021,11,07,1,15,37,39
2021,11,07,1,15,53,99
2021,11,07,1,16,21,23
2021,11,07,1,16,37,257
2021,11,07,1,16,59,19
2021,11,07,1,17,21,435
2021,11,07,1,17,43,179
2021,11,07,1,18,4,939
2021,11,07,1,18,33,399
2021,11,07,1,18,49,115
2021,11,07,1,19,16,907
2021,11,07,1,19,33,257
2021,11,07,1,19,55,675
2021,11,07,1,20,23,843
2021,11,07,1,20,39,179
2021,11,07,1,21,6,955
2021,11,07,1,21,23,339
2021,11,07,1,21,45,96
2021,11,07,1,22,13,199
2021,11,07,1,22,29,275
2021,11,07,1,22,56,268
2021,11,07,1,23,13,419
2021,11,07,1,23,35,195
2021,11,07,1,23,57,582
2021,11,07,1,24,19,339
2021,11,07,1,24,46,511
2021,11,07,1,25,3,496
2021,11,07,1,25,25,259
2021,11,07,1,25,47,658
2021,11,07,1,26,14,651
2021,11,07,1,26,31,819
2021,11,07,1,26,53,579
2021,11,07,1,27,15,355
2021,11,07,1,27,38,959
2021,11,07,1,27,59,499
2021,11,07,1,28,21,259
2021,11,07,1,28,43,659
2021,11,07,1,29,5,419
2021,11,07,1,29,27,819
2021,11,07,1,29,55,278
2021,11,07,1,30,11,340
2021,11,07,1,30,39,639
2021,11,07,1,30,55,515
2021,11,07,1,31,23,222
2021,11,07,1,31,39,659
2021,11,07,1,32,1,419
2021,11,07,1,32,30,159
2021,11,07,1,32,45,579
2021,11,07,1,33,13,123
2021,11,07,1,33,29,755
2021,11,07,1,33,51,499
2021,11,07,1,34,13,903
2021,11,07,1,34,36,879
2021,11,07,1,35,3,758
2021,11,07,1,35,19,819
2021,11,07,1,35,47,276
2021,11,07,1,36,3,979
2021,11,07,1,36,25,739
2021,11,07,1,36,53,419
2021,11,07,1,37,9,915
2021,11,07,1,37,31,657
2021,11,07,1,37,59,475
2021,11,07,1,38,15,835
2021,11,07,1,38,37,579
2021,11,07,1,39,5,551
2021,11,07,1,39,21,739
2021,11,07,1,39,50,479
2021,11,07,1,40,5,899
2021,11,07,1,40,27,658
2021,11,07,1,40,55,661
2021,11,07,1,41,11,819
2021,11,07,1,41,40,446
2021,11,07,1,41,55,994
2021,11,07,1,42,17,747
2021,11,07,1,42,40,139
2021,11,07,1,43,1,899
2021,11,07,1,43,29,834
2021,11,07,1,43,46,59
2021,11,07,1,44,9,827
2021,11,07,1,44,30,232
2021,11,07,1,44,51,979
2021,11,07,1,45,14,379
2021,11,07,1,45,42,479
2021,11,07,1,45,57,899
2021,11,07,1,46,25,995
2021,11,07,1,46,42,59
2021,11,07,1,47,9,311
2021,11,07,1,47,26,218
2021,11,07,1,47,47,979
2021,11,07,1,48,15,523
2021,11,07,1,48,32,139
2021,11,07,1,48,54,538
2021,11,07,1,49,16,955
2021,11,07,1,49,38,71
2021,11,07,1,50,0,459
2021,11,07,1,50,22,219
2021,11,07,1,50,51,31
2021,11,07,1,51,6,379
2021,11,07,1,51,33,803
2021,11,07,1,51,50,555
2021,11,07,1,52,12,299
2021,11,07,1,52,34,59
2021,11,07,1,53,0,507
2021,11,07,1,53,18,219
2021,11,07,1,53,46,323
2021,11,07,1,54,2,379
2021,11,07,1,54,29,35
2021,11,07,1,54,46,539
2021,11,07,1,55,13,355
2021,11,07,1,55,30,715
2021,11,07,1,55,52,459
2021,11,07,1,56,14,217
2021,11,07,1,56,43,683
2021,11,07,1,56,58,379
2021,11,07,1,57,28,319
2021,11,07,1,57,42,543
2021,11,07,1,58,4,315
2021,11,07,1,58,26,699
2021,11,07,1,58,48,459
2021,11,07,1,59,10,875
2021,11,07,1,59,32,619
2021,11,07,1,59,54,379
2021,11,07,2,0,16,795
2021,11,07,2,0,38,537
2021,11,07,2,1,0,299
2021,11,07,2,1,22,698
2021,11,07,2,1,44,475
2021,11,07,2,2,6,857
2021,11,07,2,2,28,619
2021,11,07,2,2,50,394
2021,11,07,2,3,12,783
2021,11,07,2,3,34,539
2021,11,07,2,4,1,643
2021,11,07,2,4,18,699
2021,11,07,2,4,40,459
2021,11,07,2,5,2,859
2021,11,07,2,5,30,959
2021,11,07,2,5,47,19
2021,11,07,2,6,8,779
2021,11,07,2,6,30,553
2021,11,07,2,6,58,403
2021,11,07,2,7,14,699
2021,11,07,2,7,37,115
2021,11,07,2,8,4,431
2021,11,07,2,8,20,619
2021,11,07,2,8,48,367
2021,11,07,2,9,4,795
2021,11,07,2,9,27,179
2021,11,07,2,9,48,937
2021,11,07,2,10,10,715
2021,11,07,2,10,33,98
2021,11,07,2,10,54,859
2021,11,07,2,11,22,638
2021,11,07,2,11,39,19
2021,11,07,2,12,0,779
2021,11,07,2,12,28,879
2021,11,07,2,12,44,955
2021,11,07,2,13,12,503
2021,11,07,2,13,29,99
2021,11,07,2,13,50,875
2021,11,07,2,14,18,575
2021,11,07,2,14,35,19
2021,11,07,2,14,56,779
2021,11,07,2,15,26,246
2021,11,07,2,15,40,939
2021,11,07,2,16,9,39
2021,11,07,2,16,25,115
2021,11,07,2,16,53,199
2021,11,07,2,17,9,257
2021,11,07,2,17,31,598
2021,11,07,2,17,59,131
2021,11,07,2,18,15,177
2021,11,07,2,18,42,762
2021,11,07,2,18,59,342
2021,11,07,2,19,21,97
2021,11,07,2,19,48,719
2021,11,07,2,20,5,275
2021,11,07,2,20,27,19
2021,11,07,2,20,55,623
2021,11,07,2,21,11,195
2021,11,07,2,21,34,799
2021,11,07,2,21,55,339
2021,11,07,2,22,17,103
2021,11,07,2,22,39,499
2021,11,07,2,23,1,256
2021,11,07,2,23,23,659
2021,11,07,2,23,45,435
2021,11,07,2,24,7,178
2021,11,07,2,24,29,579
2021,11,07,2,24,51,355
2021,11,07,2,25,13,99
2021,11,07,2,25,35,503
2021,11,07,2,25,57,259
2021,11,07,2,26,19,659
2021,11,07,2,26,41,419
2021,11,07,2,27,3,179
2021,11,07,2,27,25,595
2021,11,07,2,27,47,339
2021,11,07,2,28,15,203
2021,11,07,2,28,31,515
2021,11,07,2,28,53,259
2021,11,07,2,29,21,430
2021,11,07,2,29,37,419
2021,11,07,2,30,5,603
2021,11,07,2,30,21,579
2021,11,07,2,30,43,339
2021,11,07,2,31,5,755
2021,11,07,2,31,33,839
2021,11,07,2,31,49,899
2021,11,07,2,32,16,523
2021,11,07,2,32,33,419
2021,11,07,2,32,55,819
2021,11,07,2,33,17,579
2021,11,07,2,33,44,251
2021,11,07,2,34,1,739
2021,11,07,2,34,23,499
2021,11,07,2,34,45,931
2021,11,07,2,35,7,656
2021,11,07,2,35,34,615
2021,11,07,2,35,51,835
2021,11,07,2,36,13,576
2021,11,07,2,36,35,979
2021,11,07,2,36,57,739
2021,11,07,2,37,19,515
2021,11,07,2,37,41,898
2021,11,07,2,38,3,659
2021,11,07,2,38,32,83
2021,11,07,2,38,47,819
2021,11,07,2,39,9,579
2021,11,07,2,39,31,995
2021,11,07,2,39,53,739
2021,11,07,2,40,21,379
2021,11,07,2,40,37,899
2021,11,07,2,40,59,675
2021,11,07,2,41,27,831
2021,11,07,2,41,43,819
2021,11,07,2,42,6,233
2021,11,07,2,42,27,979
2021,11,07,2,42,49,739
2021,11,07,2,43,12,154
2021,11,07,2,43,33,899
2021,11,07,2,44,1,995
2021,11,07,2,44,18,62
2021,11,07,2,44,44,799
2021,11,07,2,45,2,219
2021,11,07,2,45,23,979
2021,11,07,2,45,46,395
2021,11,07,2,46,8,139
2021,11,07,2,46,29,899
2021,11,07,2,46,52,315
2021,11,07,2,47,14,59
2021,11,07,2,47,41,571
2021,11,07,2,47,58,219
2021,11,07,2,48,19,991
2021,11,07,2,48,48,835
2021,11,07,2,49,4,136
2021,11,07,2,49,25,915
2021,11,07,2,49,54,70
2021,11,07,2,50,10,59
2021,11,07,2,50,38,7
2021,11,07,2,50,54,218
2021,11,07,2,51,22,318
2021,11,07,2,51,38,379
2021,11,07,2,52,5,839
2021,11,07,2,52,22,538
2021,11,07,2,52,49,931
2021,11,07,2,53,6,77
2021,11,07,2,53,33,423
2021,11,07,2,53,50,218
2021,11,07,2,53,52,606
2021,11,07,2,54,12,632
2021,11,07,2,54,34,379
2021,11,07,2,55,0,783
2021,11,07,2,55,18,539
2021,11,07,2,55,40,315
2021,11,07,2,56,6,635
2021,11,07,2,56,24,459
2021,11,07,2,56,46,232
2021,11,07,2,57,14,315
2021,11,07,2,57,30,379
2021,11,07,2,57,57,651
2021,11,07,2,58,14,539
2021,11,07,2,58,36,298
2021,11,07,2,59,5,187
2021,11,07,2,59,20,475
2021,11,07,2,59,47,661
2021,11,07,3,0,4,616
2021,11,07,3,0,26,395
2021,11,07,3,0,48,779
2021,11,07,3,1,11,759
2021,11,07,3,1,32,297
2021,11,07,3,1,59,915
2021,11,07,3,2,16,459
2021,11,07,3,2,38,859
2021,11,07,3,3,0,635
2021,11,07,3,3,22,379
2021,11,07,3,3,44,779
2021,11,07,3,4,6,555
2021,11,07,3,4,35,275
2021,11,07,3,4,50,699
2021,11,07,3,5,12,459
2021,11,07,3,5,34,859
2021,11,07,3,5,56,619
2021,11,07,3,6,24,419
2021,11,07,3,6,40,795
2021,11,07,3,7,2,538
2021,11,07,3,7,30,635
2021,11,07,3,7,46,715
2021,11,07,3,8,13,947
2021,11,07,3,8,30,867
2021,11,07,3,8,52,619
2021,11,07,3,9,20,75
2021,11,07,3,9,36,779
2021,11,07,3,9,58,539
2021,11,07,3,10,25,167
2021,11,07,3,10,42,699
2021,11,07,3,11,10,158
2021,11,07,3,11,26,874
2021,11,07,3,11,48,619
2021,11,07,3,12,11,19
2021,11,07,3,12,32,776
2021,11,07,3,13,0,962
2021,11,07,3,13,16,939
2021,11,07,3,13,38,699
2021,11,07,3,14,7,339
2021,11,07,3,14,22,859
2021,11,07,3,14,51,599
2021,11,07,3,15,7,31
2021,11,07,3,15,28,779
2021,11,07,3,15,57,394
2021,11,07,3,16,12,939
2021,11,07,3,16,41,674
2021,11,07,3,16,57,99
2021,11,07,3,17,18,859
2021,11,07,3,17,41,270
2021,11,07,3,18,8,717
2021,11,07,3,18,25,419
2021,11,07,3,18,47,194
2021,11,07,3,19,14,67
2021,11,07,3,19,31,335
2021,11,07,3,19,53,98
2021,11,07,3,20,20,555
2021,11,07,3,20,37,259
2021,11,07,3,21,4,590
2021,11,07,3,21,21,434
2021,11,07,3,21,43,179
2021,11,07,3,22,11,919
2021,11,07,3,22,27,355
2021,11,07,3,22,49,99
2021,11,07,3,23,17,835
2021,11,07,3,23,33,259
2021,11,07,3,23,55,657
2021,11,07,3,24,17,419
2021,11,07,3,24,39,179
2021,11,07,3,25,1,593
2021,11,07,3,25,23,354
2021,11,07,3,25,45,99
2021,11,07,3,26,14,579
2021,11,07,3,26,29,258
2021,11,07,3,26,57,359
2021,11,07,3,27,13,419
2021,11,07,3,27,35,191
2021,11,07,3,27,57,579
2021,11,07,3,28,19,337
2021,11,07,3,28,41,754
2021,11,07,3,29,3,495
2021,11,07,3,29,25,257
2021,11,07,3,29,47,671
2021,11,07,3,30,9,418
2021,11,07,3,30,37,515
2021,11,07,3,30,53,579
2021,11,07,3,31,15,352
2021,11,07,3,31,37,739
2021,11,07,3,31,59,499
2021,11,07,3,32,27,227
2021,11,07,3,32,43,703
2021,11,07,3,33,5,419
2021,11,07,3,33,27,834
2021,11,07,3,33,49,579
2021,11,07,3,34,11,978
2021,11,07,3,34,33,739
2021,11,07,3,35,1,927
2021,11,07,3,35,17,899
2021,11,07,3,35,44,651
2021,11,07,3,36,2,71
2021,11,07,3,36,23,818
2021,11,07,3,36,45,579
2021,11,07,3,36,55,818
2021,11,07,3,37,6,59
2021,11,07,3,37,15,657
2021,11,07,3,37,25,899
2021,11,07,3,37,35,498
2021,11,07,3,37,45,738
2021,11,07,3,37,55,976
2021,11,07,3,38,5,579
2021,11,07,3,38,15,818
2021,11,07,3,38,26,59
2021,11,07,3,38,35,671
2021,11,07,3,38,45,915
2021,11,07,3,38,56,154
2021,11,07,3,39,5,755
2021,11,07,3,39,15,995
2021,11,07,3,39,26,231
2021,11,07,3,39,35,819
2021,11,07,3,39,46,59
2021,11,07,3,39,56,298
2021,11,07,3,40,5,899
2021,11,07,3,40,16,139
2021,11,07,3,40,25,739
2021,11,07,3,40,35,980
2021,11,07,3,40,46,217
2021,11,07,3,40,55,819
2021,11,07,3,41,6,59
2021,11,07,3,41,16,299
2021,11,07,3,41,25,895
2021,11,07,3,41,36,139
2021,11,07,3,41,46,379
2021,11,07,3,41,55,979
2021,11,07,3,42,6,217
2021,11,07,3,42,16,459
2021,11,07,3,42,26,75
2021,11,07,3,42,36,311
2021,11,07,3,42,45,911
2021,11,07,3,42,56,154
2021,11,07,3,43,6,395
2021,11,07,3,43,15,986
2021,11,07,3,43,26,218
2021,11,07,3,43,36,459
2021,11,07,3,43,46,59
2021,11,07,3,43,56,296
2021,11,07,3,44,6,539
2021,11,07,3,44,16,139
2021,11,07,3,44,26,375
2021,11,07,3,44,36,619
2021,11,07,3,44,46,219
2021,11,07,3,44,56,459
2021,11,07,3,45,6,58
2021,11,07,3,45,16,295
2021,11,07,3,45,26,541
2021,11,07,3,45,36,139
2021,11,07,3,45,46,379
2021,11,07,3,45,56,619
2021,11,07,3,46,6,232
2021,11,07,3,46,16,473
2021,11,07,3,46,26,714
2021,11,07,3,46,36,315
2021,11,07,3,46,46,555
2021,11,07,3,46,56,795
2021,11,07,3,47,6,379
2021,11,07,3,47,16,619
2021,11,07,3,47,26,219
2021,11,07,3,47,36,459
2021,11,07,3,47,46,698
2021,11,07,3,47,56,299
2021,11,07,3,48,6,539
2021,11,07,3,48,16,779
2021,11,07,3,48,26,379
2021,11,07,3,48,36,615
2021,11,07,3,48,46,859
2021,11,07,3,48,56,457
2021,11,07,3,49,6,698
2021,11,07,3,49,16,939
2021,11,07,3,49,26,536
2021,11,07,3,49,36,776
2021,11,07,3,49,46,394
2021,11,07,3,49,56,634
2021,11,07,3,50,6,871
2021,11,07,3,50,16,474
2021,11,07,3,50,26,711
2021,11,07,3,50,36,955
2021,11,07,3,50,46,539
2021,11,07,3,50,56,779
2021,11,07,3,51,7,19
2021,11,07,3,51,16,617
2021,11,07,3,51,26,857
2021,11,07,3,51,37,96
2021,11,07,3,51,46,698
2021,11,07,3,51,56,939
2021,11,07,3,52,6,539
2021,11,07,3,52,16,778
2021,11,07,3,52,27,19
2021,11,07,3,52,36,615
2021,11,07,3,52,46,859
2021,11,07,3,52,57,99
2021,11,07,3,53,6,696
2021,11,07,3,53,16,937
2021,11,07,3,53,27,178
2021,11,07,3,53,36,790
2021,11,07,3,53,47,35
2021,11,07,3,53,57,273
2021,11,07,3,54,6,879
2021,11,07,3,54,17,111
2021,11,07,3,54,27,351
2021,11,07,3,54,36,939
2021,11,07,3,54,47,178
2021,11,07,3,54,56,779
2021,11,07,3,55,7,18
2021,11,07,3,55,17,259
2021,11,07,3,55,26,857
2021,11,07,3,55,37,97
2021,11,07,3,55,47,339
2021,11,07,3,55,56,939
2021,11,07,3,56,7,179
2021,11,07,3,56,17,419
2021,11,07,3,56,27,19
2021,11,07,3,56,37,259
2021,11,07,3,56,46,856
2021,11,07,3,56,57,99
2021,11,07,3,57,7,339
2021,11,07,3,57,16,951
2021,11,07,3,57,27,191
2021,11,07,3,57,37,431
2021,11,07,3,57,47,31
2021,11,07,3,57,57,275
2021,11,07,3,58,7,515
2021,11,07,3,58,17,98
2021,11,07,3,58,27,336
2021,11,07,3,58,37,579
2021,11,07,3,58,47,179
2021,11,07,3,58,57,419
2021,11,07,3,59,7,19
2021,11,07,3,59,17,259
2021,11,07,3,59,27,499
2021,11,07,3,59,37,98
2021,11,07,3,59,47,338
2021,11,07,3,59,57,577
2021,11,07,4,0,7,179
2021,11,07,4,0,17,415
2021,11,07,4,0,27,659
2021,11,07,4,0,37,256
2021,11,07,4,0,47,499
2021,11,07,4,0,57,739
2021,11,07,4,1,7,351
2021,11,07,4,1,17,595
2021,11,07,4,1,27,835
2021,11,07,4,1,37,434
2021,11,07,4,1,47,671
2021,11,07,4,1,57,258
2021,11,07,4,2,7,499
2021,11,07,4,2,17,739
2021,11,07,4,2,27,337
2021,11,07,4,2,37,583
2021,11,07,4,2,47,819
2021,11,07,4,2,57,419
2021,11,07,4,3,7,659
2021,11,07,4,3,17,897
2021,11,07,4,3,27,498
2021,11,07,4,3,37,739
2021,11,07,4,3,47,976
2021,11,07,4,3,57,579
2021,11,07,4,4,7,818
2021,11,07,4,4,17,419
2021,11,07,4,4,27,659
2021,11,07,4,4,37,899
2021,11,07,4,4,47,511
2021,11,07,4,4,57,755
2021,11,07,4,5,7,993
2021,11,07,4,5,17,591
2021,11,07,4,5,27,831
2021,11,07,4,5,38,75
2021,11,07,4,5,47,659
2021,11,07,4,5,57,896
2021,11,07,4,6,8,139
2021,11,07,4,6,17,738
2021,11,07,4,6,27,978
2021,11,07,4,6,37,578
2021,11,07,4,6,47,819
2021,11,07,4,6,58,57
2021,11,07,4,7,7,658
2021,11,07,4,7,17,899
2021,11,07,4,7,28,139
2021,11,07,4,7,37,739
2021,11,07,4,7,47,978
2021,11,07,4,7,58,218
2021,11,07,4,8,7,817
2021,11,07,4,8,18,59
2021,11,07,4,8,28,298
2021,11,07,4,8,37,915
2021,11,07,4,8,48,151
2021,11,07,4,8,57,751
2021,11,07,4,9,7,991
2021,11,07,4,9,18,231
2021,11,07,4,9,27,819
2021,11,07,4,9,38,59
2021,11,07,4,9,48,296
2021,11,07,4,9,57,899
2021,11,07,4,10,8,138
2021,11,07,4,10,18,375
2021,11,07,4,10,27,979
2021,11,07,4,10,38,215
2021,11,07,4,10,48,458
2021,11,07,4,10,58,699
2021,11,07,4,11,8,299
2021,11,07,4,11,17,898
2021,11,07,4,11,28,139
2021,11,07,4,11,38,379
2021,11,07,4,11,47,979
2021,11,07,4,11,58,219
2021,11,07,4,12,8,459
2021,11,07,4,12,18,72
2021,11,07,4,12,28,311
2021,11,07,4,12,38,551
2021,11,07,4,12,48,151
2021,11,07,4,12,58,391
2021,11,07,4,13,8,635
2021,11,07,4,13,18,216
2021,11,07,4,13,28,459
2021,11,07,4,13,38,698
2021,11,07,4,13,48,299
2021,11,07,4,13,58,539
2021,11,07,4,14,8,138
2021,11,07,4,14,18,380
2021,11,07,4,14,28,619
2021,11,07,4,14,38,219
2021,11,07,4,14,48,459
2021,11,07,4,14,58,699
2021,11,07,4,15,8,299
2021,11,07,4,15,18,538
2021,11,07,4,15,28,779
2021,11,07,4,15,38,379
2021,11,07,4,15,48,616
2021,11,07,4,15,58,231
2021,11,07,4,16,8,475
2021,11,07,4,16,18,711
2021,11,07,4,16,28,311
2021,11,07,4,16,38,555
2021,11,07,4,16,48,791
2021,11,07,4,16,58,379
2021,11,07,4,17,8,619
2021,11,07,4,17,18,857
2021,11,07,4,17,28,459
2021,11,07,4,17,38,698
2021,11,07,4,17,48,938
2021,11,07,4,17,58,539
2021,11,07,4,18,8,779
2021,11,07,4,18,19,17
2021,11,07,4,18,28,619
2021,11,07,4,18,38,857
2021,11,07,4,18,48,459
2021,11,07,4,18,58,699
2021,11,07,4,19,8,939
2021,11,07,4,19,18,539
2021,11,07,4,19,28,779
2021,11,07,4,19,39,19
2021,11,07,4,19,48,631
2021,11,07,4,19,58,871
2021,11,07,4,20,9,111
2021,11,07,4,20,18,715
2021,11,07,4,20,28,954
2021,11,07,4,20,39,831
2021,11,07,4,20,48,779
2021,11,07,4,20,59,15
2021,11,07,4,21,9,259
2021,11,07,4,21,18,858
2021,11,07,4,21,29,98
2021,11,07,4,21,38,698
2021,11,07,4,21,48,939
2021,11,07,4,21,59,179
2021,11,07,4,22,8,779
2021,11,07,4,22,19,19
2021,11,07,4,22,29,259
2021,11,07,4,22,38,858
2021,11,07,4,22,49,95
2021,11,07,4,22,59,339
2021,11,07,4,23,8,939
2021,11,07,4,23,19,178
2021,11,07,4,23,28,795
2021,11,07,4,23,39,31
2021,11,07,4,23,49,271
2021,11,07,4,23,58,871
2021,11,07,4,24,9,111
2021,11,07,4,24,19,351
2021,11,07,4,24,28,939
2021,11,07,4,24,39,178
2021,11,07,4,24,49,419
2021,11,07,4,24,59,16
2021,11,07,4,25,9,259
2021,11,07,4,25,19,499
2021,11,07,4,25,29,99
2021,11,07,4,25,39,342
2021,11,07,4,25,48,936
2021,11,07,4,25,59,179
2021,11,07,4,26,9,419
2021,11,07,4,26,19,17
2021,11,07,4,26,29,259
2021,11,07,4,26,39,495
2021,11,07,4,26,49,99
2021,11,07,4,26,59,339
2021,11,07,4,27,9,579
2021,11,07,4,27,19,195
2021,11,07,4,27,29,431
2021,11,07,4,27,39,31
2021,11,07,4,27,49,275
2021,11,07,4,27,59,515
2021,11,07,4,28,9,99
2021,11,07,4,28,19,339
2021,11,07,4,28,29,579
2021,11,07,4,28,39,177
2021,11,07,4,28,49,419
2021,11,07,4,28,59,19
2021,11,07,4,29,9,255
2021,11,07,4,29,19,499
2021,11,07,4,29,29,99
2021,11,07,4,29,39,339
2021,11,07,4,29,49,578
2021,11,07,4,29,59,179
2021,11,07,4,30,9,419
2021,11,07,4,30,19,659
2021,11,07,4,30,29,258
2021,11,07,4,30,39,499
2021,11,07,4,30,49,736
2021,11,07,4,30,59,355
2021,11,07,4,31,9,591
2021,11,07,4,31,19,191
2021,11,07,4,31,29,431
2021,11,07,4,31,39,671
2021,11,07,4,31,49,259
2021,11,07,4,31,59,499
2021,11,07,4,32,9,739
2021,11,07,4,32,19,979
2021,11,07,4,32,29,579
2021,11,07,4,32,39,819
2021,11,07,4,32,49,423
2021,11,07,4,32,59,658
2021,11,07,4,33,9,259
2021,11,07,4,33,19,499
2021,11,07,4,33,29,736
2021,11,07,4,33,39,337
2021,11,07,4,33,49,579
2021,11,07,4,33,59,818
2021,11,07,4,34,9,419
2021,11,07,4,34,19,659
2021,11,07,4,34,29,899
2021,11,07,4,34,39,515
2021,11,07,4,34,49,755
2021,11,07,4,34,59,995
2021,11,07,4,35,9,604
2021,11,07,4,35,19,834
2021,11,07,4,35,29,419
2021,11,07,4,35,39,661
2021,11,07,4,35,49,899
2021,11,07,4,35,59,499
2021,11,07,4,36,9,739
2021,11,07,4,36,19,975
2021,11,07,4,36,29,579
2021,11,07,4,36,39,819
2021,11,07,4,36,50,59
2021,11,07,4,36,59,659
2021,11,07,4,37,9,899
2021,11,07,4,37,20,137
2021,11,07,4,37,29,739
2021,11,07,4,37,39,975
2021,11,07,4,37,50,219
2021,11,07,4,37,59,819
2021,11,07,4,38,10,59
2021,11,07,4,38,19,671
2021,11,07,4,38,29,914
2021,11,07,4,38,40,151
2021,11,07,4,38,49,755
2021,11,07,4,38,59,991
2021,11,07,4,39,10,231
2021,11,07,4,39,19,819
2021,11,07,4,39,30,56
2021,11,07,4,39,40,299
2021,11,07,4,39,49,899
2021,11,07,4,40,0,136
2021,11,07,4,40,10,378
2021,11,07,4,40,19,978
2021,11,07,4,40,30,215
2021,11,07,4,40,39,819
2021,11,07,4,40,50,59
2021,11,07,4,41,0,295
2021,11,07,4,41,9,899
2021,11,07,4,41,20,138
2021,11,07,4,41,30,379
2021,11,07,4,41,39,979
2021,11,07,4,41,50,219
2021,11,07,4,42,0,459
2021,11,07,4,42,10,71
2021,11,07,4,42,20,315
2021,11,07,4,42,30,554
2021,11,07,4,42,40,154
2021,11,07,4,42,50,391
2021,11,07,4,42,59,979
2021,11,07,4,43,10,219
2021,11,07,4,43,20,459
2021,11,07,4,43,30,56
2021,11,07,4,43,40,299
2021,11,07,4,43,50,538
2021,11,07,4,44,0,139
2021,11,07,4,44,10,378
2021,11,07,4,44,20,619
2021,11,07,4,44,30,218
2021,11,07,4,44,40,459
2021,11,07,4,44,50,699
2021,11,07,4,45,0,299
2021,11,07,4,45,10,535
2021,11,07,4,45,20,139
2021,11,07,4,45,30,379
2021,11,07,4,45,40,619
2021,11,07,4,45,50,231
2021,11,07,4,46,0,471
2021,11,07,4,46,10,711
2021,11,07,4,46,20,311
2021,11,07,4,46,30,551
2021,11,07,4,46,40,791
2021,11,07,4,46,50,379
2021,11,07,4,47,0,619
2021,11,07,4,47,10,858
2021,11,07,4,47,20,459
2021,11,07,4,47,30,698
2021,11,07,4,47,40,299
2021,11,07,4,47,50,539
2021,11,07,4,48,0,779
2021,11,07,4,48,10,379
2021,11,07,4,48,20,615
2021,11,07,4,48,30,858
2021,11,07,4,48,40,459
2021,11,07,4,48,50,698
2021,11,07,4,49,0,939
2021,11,07,4,49,10,539
2021,11,07,4,49,20,779
2021,11,07,4,49,31,23
2021,11,07,4,49,40,631
2021,11,07,4,49,50,871
2021,11,07,4,50,0,475
2021,11,07,4,50,10,711
2021,11,07,4,50,20,955
2021,11,07,4,50,30,539
2021,11,07,4,50,40,779
2021,11,07,4,50,51,15
2021,11,07,4,51,1,259
2021,11,07,4,51,10,855
2021,11,07,4,51,21,99
2021,11,07,4,51,30,699
2021,11,07,4,51,40,938
2021,11,07,4,51,51,179
2021,11,07,4,52,0,777
2021,11,07,4,52,11,19
2021,11,07,4,52,20,617
2021,11,07,4,52,30,859
2021,11,07,4,52,41,99
2021,11,07,4,52,50,699
2021,11,07,4,53,0,938
2021,11,07,4,53,11,178
2021,11,07,4,53,20,791
2021,11,07,4,53,31,31
2021,11,07,4,53,41,279
2021,11,07,4,53,50,883
2021,11,07,4,54,1,111
2021,11,07,4,54,10,695
2021,11,07,4,54,20,939
2021,11,07,4,54,31,179
2021,11,07,4,54,40,778
2021,11,07,4,54,51,17
2021,11,07,4,55,1,259
2021,11,07,4,55,10,859
2021,11,07,4,55,21,99
2021,11,07,4,55,31,338
2021,11,07,4,55,40,939
2021,11,07,4,55,51,179
2021,11,07,4,56,1,419
2021,11,07,4,56,11,19
2021,11,07,4,56,21,259
2021,11,07,4,56,31,499
2021,11,07,4,56,41,99
2021,11,07,4,56,51,339
2021,11,07,4,57,0,951
2021,11,07,4,57,11,194
2021,11,07,4,57,21,435
2021,11,07,4,57,31,33
2021,11,07,4,57,41,272
2021,11,07,4,57,51,515
2021,11,07,4,58,1,99
2021,11,07,4,58,11,339
2021,11,07,4,58,21,579
2021,11,07,4,58,31,179
2021,11,07,4,58,41,418
2021,11,07,4,58,51,658
2021,11,07,4,59,1,259
2021,11,07,4,59,11,503
2021,11,07,4,59,21,99
2021,11,07,4,59,31,338
2021,11,07,4,59,41,579
2021,11,07,4,59,51,179
2021,11,07,5,0,1,419
2021,11,07,5,0,11,656
2021,11,07,5,0,21,256
2021,11,07,5,0,31,499
2021,11,07,5,0,41,735
2021,11,07,5,0,51,351
2021,11,07,5,1,1,592
2021,11,07,5,1,11,191
2021,11,07,5,1,21,439
2021,11,07,5,1,31,671
2021,11,07,5,1,41,255
2021,11,07,5,1,51,503
2021,11,07,5,2,1,735
2021,11,07,5,2,11,339
2021,11,07,5,2,21,578
2021,11,07,5,2,31,817
2021,11,07,5,2,41,419
2021,11,07,5,2,51,659
2021,11,07,5,3,1,895
2021,11,07,5,3,11,499
2021,11,07,5,3,21,739
2021,11,07,5,3,31,975
2021,11,07,5,3,41,575
2021,11,07,5,3,51,819
2021,11,07,5,4,1,423
2021,11,07,5,4,11,655
2021,11,07,5,4,21,899
2021,11,07,5,4,31,511
2021,11,07,5,4,41,751
2021,11,07,5,4,51,991
2021,11,07,5,5,1,591
2021,11,07,5,5,11,831
2021,11,07,5,5,22,71
2021,11,07,5,5,31,657
2021,11,07,5,5,41,907
2021,11,07,5,5,52,139
2021,11,07,5,6,1,735
2021,11,07,5,6,11,978
2021,11,07,5,6,21,578
2021,11,07,5,6,31,816
2021,11,07,5,6,42,59
2021,11,07,5,6,51,659
2021,11,07,5,7,1,899
2021,11,07,5,7,12,139
2021,11,07,5,7,21,734
2021,11,07,5,7,31,977
2021,11,07,5,7,42,218
2021,11,07,5,7,51,816
2021,11,07,5,8,2,58
2021,11,07,5,8,12,299
2021,11,07,5,8,21,911
2021,11,07,5,8,32,152
2021,11,07,5,8,41,751
2021,11,07,5,8,51,995
2021,11,07,5,9,2,231
2021,11,07,5,9,11,816
2021,11,07,5,9,22,59
2021,11,07,5,9,32,299
2021,11,07,5,9,41,895
2021,11,07,5,9,52,138
2021,11,07,5,10,2,379
2021,11,07,5,10,11,979
2021,11,07,5,10,22,218
2021,11,07,5,10,32,458
2021,11,07,5,10,42,56
2021,11,07,5,10,52,299
2021,11,07,5,11,1,895
2021,11,07,5,11,12,139
2021,11,07,5,11,22,379
2021,11,07,5,11,31,979
2021,11,07,5,11,42,218
2021,11,07,5,11,52,458
2021,11,07,5,12,2,71
2021,11,07,5,12,12,311
2021,11,07,5,12,22,551
2021,11,07,5,12,32,151
2021,11,07,5,12,42,391
2021,11,07,5,12,52,631
2021,11,07,5,13,2,218
2021,11,07,5,13,12,471
2021,11,07,5,13,22,55
2021,11,07,5,13,32,299
2021,11,07,5,13,42,538
2021,11,07,5,13,52,136
2021,11,07,5,14,2,378
2021,11,07,5,14,12,618
2021,11,07,5,14,22,215
2021,11,07,5,14,32,456
2021,11,07,5,14,42,699
2021,11,07,5,14,52,298
2021,11,07,5,15,2,538
2021,11,07,5,15,12,779
2021,11,07,5,15,22,375
2021,11,07,5,15,32,619
2021,11,07,5,15,42,232
2021,11,07,5,15,52,475
2021,11,07,5,16,2,711
2021,11,07,5,16,12,311
2021,11,07,5,16,22,551
2021,11,07,5,16,32,794
2021,11,07,5,16,42,379
2021,11,07,5,16,52,619
2021,11,07,5,17,2,859
2021,11,07,5,17,12,459
2021,11,07,5,17,22,699
2021,11,07,5,17,32,939
2021,11,07,5,17,42,535
2021,11,07,5,17,52,779
2021,11,07,5,18,2,379
2021,11,07,5,18,12,619
2021,11,07,5,18,22,859
2021,11,07,5,18,32,459
2021,11,07,5,18,42,698
2021,11,07,5,18,52,938
2021,11,07,5,19,2,538
2021,11,07,5,19,12,775
2021,11,07,5,19,23,19
2021,11,07,5,19,32,631
2021,11,07,5,19,42,871
2021,11,07,5,19,53,111
2021,11,07,5,20,2,711
2021,11,07,5,20,12,951
2021,11,07,5,20,22,538
2021,11,07,5,20,32,779
2021,11,07,5,20,43,19
2021,11,07,5,20,52,619
2021,11,07,5,21,2,859
2021,11,07,5,21,13,97
2021,11,07,5,21,22,696
2021,11,07,5,21,32,939
2021,11,07,5,21,43,179
2021,11,07,5,21,52,777
2021,11,07,5,22,3,19
2021,11,07,5,22,13,255
2021,11,07,5,22,22,859
2021,11,07,5,22,33,98
2021,11,07,5,22,42,698
2021,11,07,5,22,52,938
2021,11,07,5,23,3,178
2021,11,07,5,23,12,791
2021,11,07,5,23,23,31
2021,11,07,5,23,33,275
2021,11,07,5,23,42,871
2021,11,07,5,23,53,123
2021,11,07,5,24,3,354
2021,11,07,5,24,12,938
2021,11,07,5,24,23,179
2021,11,07,5,24,33,419
2021,11,07,5,24,43,16
2021,11,07,5,24,53,259
2021,11,07,5,25,2,859
2021,11,07,5,25,13,97
2021,11,07,5,25,23,339
2021,11,07,5,25,32,939
2021,11,07,5,25,43,176
2021,11,07,5,25,53,419
2021,11,07,5,26,3,19
2021,11,07,5,26,13,269
2021,11,07,5,26,23,498
2021,11,07,5,26,33,99
2021,11,07,5,26,43,335
2021,11,07,5,26,53,579
2021,11,07,5,27,3,191
2021,11,07,5,27,13,431
2021,11,07,5,27,23,31
2021,11,07,5,27,33,271
2021,11,07,5,27,43,511
2021,11,07,5,27,53,99
2021,11,07,5,28,3,336
2021,11,07,5,28,13,579
2021,11,07,5,28,23,179
2021,11,07,5,28,33,415
2021,11,07,5,28,43,659
2021,11,07,5,28,53,899
2021,11,07,5,29,3,497
2021,11,07,5,29,13,98
2021,11,07,5,29,23,338
2021,11,07,5,29,33,579
2021,11,07,5,29,43,179
2021,11,07,5,29,53,419
2021,11,07,5,30,3,659
2021,11,07,5,30,13,259
2021,11,07,5,30,23,499
2021,11,07,5,30,33,739
2021,11,07,5,30,43,351
2021,11,07,5,30,53,595
2021,11,07,5,31,3,834
2021,11,07,5,31,13,432
2021,11,07,5,31,23,671
2021,11,07,5,31,33,911
2021,11,07,5,31,43,499
2021,11,07,5,31,53,738
2021,11,07,5,32,3,339
2021,11,07,5,32,13,579
2021,11,07,5,32,23,819
2021,11,07,5,32,33,419
2021,11,07,5,32,43,666
2021,11,07,5,32,53,896
2021,11,07,5,33,3,498
2021,11,07,5,33,13,739
2021,11,07,5,33,23,979
2021,11,07,5,33,33,578
2021,11,07,5,33,43,818
2021,11,07,5,33,53,419
2021,11,07,5,34,3,655
2021,11,07,5,34,13,896
2021,11,07,5,34,23,515
2021,11,07,5,34,33,755
2021,11,07,5,34,43,991
2021,11,07,5,34,53,595
2021,11,07,5,35,3,831
2021,11,07,5,35,14,71
2021,11,07,5,35,23,659
2021,11,07,5,35,33,899
2021,11,07,5,35,44,139
2021,11,07,5,35,53,739
2021,11,07,5,36,3,975
2021,11,07,5,36,14,218
2021,11,07,5,36,23,818
2021,11,07,5,36,34,55
2021,11,07,5,36,43,655
2021,11,07,5,36,53,898
2021,11,07,5,37,4,138
2021,11,07,5,37,13,736
2021,11,07,5,37,23,977
2021,11,07,5,37,34,219
2021,11,07,5,37,43,819
2021,11,07,5,37,54,58
2021,11,07,5,38,4,299
2021,11,07,5,38,13,911
2021,11,07,5,38,24,151
2021,11,07,5,38,34,391
2021,11,07,5,38,43,995
2021,11,07,5,38,54,231
2021,11,07,5,39,4,473
2021,11,07,5,39,14,61
2021,11,07,5,39,24,298
2021,11,07,5,39,33,899
2021,11,07,5,39,44,139
2021,11,07,5,39,54,379
2021,11,07,5,40,3,979
2021,11,07,5,40,14,219
2021,11,07,5,40,24,462
2021,11,07,5,40,34,59
2021,11,07,5,40,44,298
2021,11,07,5,40,54,536
2021,11,07,5,41,4,139
2021,11,07,5,41,14,379
2021,11,07,5,41,24,619
2021,11,07,5,41,34,215
2021,11,07,5,41,44,459
2021,11,07,5,41,54,75
2021,11,07,5,42,4,311
2021,11,07,5,42,14,554
2021,11,07,5,42,24,151
2021,11,07,5,42,34,391
2021,11,07,5,42,44,635
2021,11,07,5,42,54,219
2021,11,07,5,43,4,455
2021,11,07,5,43,14,699
2021,11,07,5,43,24,299
2021,11,07,5,43,34,539
2021,11,07,5,43,44,779
2021,11,07,5,43,54,379
2021,11,07,5,44,4,619
2021,11,07,5,44,14,859
2021,11,07,5,44,24,457
2021,11,07,5,44,34,699
2021,11,07,5,44,44,299
2021,11,07,5,44,54,539
2021,11,07,5,45,4,776
2021,11,07,5,45,14,379
2021,11,07,5,45,24,619
2021,11,07,5,45,34,859
2021,11,07,5,45,44,471
2021,11,07,5,45,54,715
2021,11,07,5,46,4,951
2021,11,07,5,46,14,551
2021,11,07,5,46,24,791
2021,11,07,5,46,34,379
2021,11,07,5,46,44,619
2021,11,07,5,46,54,859
2021,11,07,5,47,5,99
2021,11,07,5,47,14,695
2021,11,07,5,47,24,939
2021,11,07,5,47,34,539
2021,11,07,5,47,44,779
2021,11,07,5,47,55,19
2021,11,07,5,48,5,259
2021,11,07,5,48,14,859
2021,11,07,5,48,25,99
2021,11,07,5,48,34,698
2021,11,07,5,48,44,939
2021,11,07,5,48,55,175
2021,11,07,5,49,4,777
2021,11,07,5,49,15,19
2021,11,07,5,49,24,631
2021,11,07,5,49,34,871
2021,11,07,5,49,45,111
2021,11,07,5,49,54,715
2021,11,07,5,50,4,952
2021,11,07,5,50,15,191
2021,11,07,5,50,24,779
2021,11,07,5,50,35,19
2021,11,07,5,50,45,259
2021,11,07,5,50,54,859
2021,11,07,5,51,5,98
2021,11,07,5,51,15,339
2021,11,07,5,51,24,940
2021,11,07,5,51,35,178
2021,11,07,5,51,44,779
2021,11,07,5,51,55,19
2021,11,07,5,52,5,259
2021,11,07,5,52,14,862
2021,11,07,5,52,25,95
2021,11,07,5,52,35,339
2021,11,07,5,52,44,939
2021,11,07,5,52,55,178
2021,11,07,5,53,5,419
2021,11,07,5,53,15,35
2021,11,07,5,53,25,271
2021,11,07,5,53,35,523
2021,11,07,5,53,45,111
2021,11,07,5,53,55,351
2021,11,07,5,54,4,939
2021,11,07,5,54,15,178
2021,11,07,5,54,25,419
2021,11,07,5,54,35,19
2021,11,07,5,54,45,259
2021,11,07,5,54,55,499
2021,11,07,5,55,5,95
2021,11,07,5,55,15,345
2021,11,07,5,55,25,579
2021,11,07,5,55,35,178
2021,11,07,5,55,45,419
2021,11,07,5,55,55,659
2021,11,07,5,56,5,259
2021,11,07,5,56,15,499
2021,11,07,5,56,25,99
2021,11,07,5,56,35,339
2021,11,07,5,56,45,579
2021,11,07,5,56,55,194
2021,11,07,5,57,5,431
2021,11,07,5,57,15,671
2021,11,07,5,57,25,271
2021,11,07,5,57,35,511
2021,11,07,5,57,45,751
2021,11,07,5,57,55,336
2021,11,07,5,58,5,578
2021,11,07,5,58,15,819
2021,11,07,5,58,25,415
2021,11,07,5,58,35,658
2021,11,07,5,58,45,898
2021,11,07,5,58,55,498
2021,11,07,5,59,5,739
2021,11,07,5,59,15,339
2021,11,07,5,59,25,579
2021,11,07,5,59,35,819
2021,11,07,5,59,45,419
2021,11,07,5,59,55,655
2021,11,07,6,0,5,898
2021,11,07,6,0,15,495
2021,11,07,6,0,25,739
2021,11,07,6,0,35,975
2021,11,07,6,0,45,594
2021,11,07,6,0,55,831
2021,11,07,6,1,5,431
2021,11,07,6,1,15,671
2021,11,07,6,1,25,912
2021,11,07,6,1,35,499
2021,11,07,6,1,45,739
2021,11,07,6,1,55,979
2021,11,07,6,2,5,579
2021,11,07,6,2,15,819
2021,11,07,6,2,26,55
2021,11,07,6,2,35,659
2021,11,07,6,2,45,895
2021,11,07,6,2,56,139
2021,11,07,6,3,5,739
2021,11,07,6,3,15,978
2021,11,07,6,3,25,579
2021,11,07,6,3,35,818
2021,11,07,6,3,46,56
2021,11,07,6,3,55,659
2021,11,07,6,4,5,899
2021,11,07,6,4,16,139
2021,11,07,6,4,25,751
2021,11,07,6,4,35,990
2021,11,07,6,4,46,231
2021,11,07,6,4,55,831
2021,11,07,6,5,6,70
2021,11,07,6,5,16,311
2021,11,07,6,5,25,898
2021,11,07,6,5,36,139
2021,11,07,6,5,46,387
2021,11,07,6,5,55,979
2021,11,07,6,6,6,218
2021,11,07,6,6,15,818
2021,11,07,6,6,26,58
2021,11,07,6,6,36,299
2021,11,07,6,6,45,898
2021,11,07,6,6,56,139
2021,11,07,6,7,6,375
2021,11,07,6,7,15,978
2021,11,07,6,7,26,219
2021,11,07,6,7,36,459
2021,11,07,6,7,46,59
2021,11,07,6,7,56,299
2021,11,07,6,8,5,922
2021,11,07,6,8,16,154
2021,11,07,6,8,26,391
2021,11,07,6,8,35,991
2021,11,07,6,8,46,231
2021,11,07,6,8,56,475
2021,11,07,6,9,6,59
2021,11,07,6,9,16,299
2021,11,07,6,9,26,539
2021,11,07,6,9,36,138
2021,11,07,6,9,46,378
2021,11,07,6,9,56,615
2021,11,07,6,10,6,219
2021,11,07,6,10,16,457
2021,11,07,6,10,26,695
2021,11,07,6,10,36,299
2021,11,07,6,10,46,542
2021,11,07,6,10,56,138
2021,11,07,6,11,6,379
2021,11,07,6,11,16,619
2021,11,07,6,11,26,219
2021,11,07,6,11,36,459
2021,11,07,6,11,46,697
2021,11,07,6,11,56,314
2021,11,07,6,12,6,554
2021,11,07,6,12,16,795
2021,11,07,6,12,26,391
2021,11,07,6,12,36,635
2021,11,07,6,12,46,218
2021,11,07,6,12,56,459
2021,11,07,6,13,6,698
2021,11,07,6,13,16,299
2021,11,07,6,13,26,539
2021,11,07,6,13,36,775
2021,11,07,6,13,46,379
2021,11,07,6,13,56,619
2021,11,07,6,14,6,859
2021,11,07,6,14,16,459
2021,11,07,6,14,26,699
2021,11,07,6,14,36,935
2021,11,07,6,14,46,539
2021,11,07,6,14,56,779
2021,11,07,6,15,6,378
2021,11,07,6,15,16,617
2021,11,07,6,15,26,859
2021,11,07,6,15,36,471
2021,11,07,6,15,46,711
2021,11,07,6,15,56,951
2021,11,07,6,16,6,551
2021,11,07,6,16,16,795
2021,11,07,6,16,27,31
2021,11,07,6,16,36,615
2021,11,07,6,16,46,857
2021,11,07,6,16,57,99
2021,11,07,6,17,6,698
2021,11,07,6,17,16,936
2021,11,07,6,17,26,539
2021,11,07,6,17,36,774
2021,11,07,6,17,47,19
2021,11,07,6,17,56,616
2021,11,07,6,18,6,858
2021,11,07,6,18,17,99
2021,11,07,6,18,26,695
2021,11,07,6,18,36,936
2021,11,07,6,18,47,178
2021,11,07,6,18,56,779
2021,11,07,6,19,7,19
2021,11,07,6,19,17,258
2021,11,07,6,19,26,871
2021,11,07,6,19,37,115
2021,11,07,6,19,46,711
2021,11,07,6,19,56,951
2021,11,07,6,20,7,195
2021,11,07,6,20,16,775
2021,11,07,6,20,27,15
2021,11,07,6,20,37,258
2021,11,07,6,20,46,859
2021,11,07,6,20,57,95
2021,11,07,6,21,7,339
2021,11,07,6,21,16,939
2021,11,07,6,21,27,179
2021,11,07,6,21,37,416
2021,11,07,6,21,47,18
2021,11,07,6,21,57,255
2021,11,07,6,22,6,859
2021,11,07,6,22,17,99
2021,11,07,6,22,27,339
2021,11,07,6,22,36,955
2021,11,07,6,22,47,179
2021,11,07,6,22,57,419
2021,11,07,6,23,7,31
2021,11,07,6,23,17,271
2021,11,07,6,23,27,511
2021,11,07,6,23,37,114
2021,11,07,6,23,47,355
2021,11,07,6,23,57,591
2021,11,07,6,24,7,179
2021,11,07,6,24,17,419
2021,11,07,6,24,27,659
2021,11,07,6,24,37,259
2021,11,07,6,24,47,499
2021,11,07,6,24,57,99
2021,11,07,6,25,7,339
2021,11,07,6,25,17,579
2021,11,07,6,25,27,178
2021,11,07,6,25,37,415
2021,11,07,6,25,47,656
2021,11,07,6,25,57,258
2021,11,07,6,26,7,499
2021,11,07,6,26,17,739
2021,11,07,6,26,27,335
2021,11,07,6,26,37,579
2021,11,07,6,26,47,817
2021,11,07,6,26,57,431
2021,11,07,6,27,7,670
2021,11,07,6,27,17,271
2021,11,07,6,27,27,511
2021,11,07,6,27,37,755
2021,11,07,6,27,47,991
2021,11,07,6,27,57,579
2021,11,07,6,28,7,819
2021,11,07,6,28,17,419
2021,11,07,6,28,27,655
2021,11,07,6,28,37,899
2021,11,07,6,28,47,499
2021,11,07,6,28,57,739
2021,11,07,6,29,7,335
2021,11,07,6,29,17,579
2021,11,07,6,29,27,815
2021,11,07,6,29,37,419
2021,11,07,6,29,47,655
2021,11,07,6,29,57,899
2021,11,07,6,30,7,499
2021,11,07,6,30,17,737
2021,11,07,6,30,27,979
2021,11,07,6,30,37,595
2021,11,07,6,30,47,831
2021,11,07,6,30,58,70
2021,11,07,6,31,7,671
2021,11,07,6,31,17,911
2021,11,07,6,31,27,499
2021,11,07,6,31,37,735
2021,11,07,6,31,47,979
2021,11,07,6,31,57,579
2021,11,07,6,32,7,818
2021,11,07,6,32,18,58
2021,11,07,6,32,27,657
2021,11,07,6,32,37,898
2021,11,07,6,32,48,138
2021,11,07,6,32,57,739
2021,11,07,6,33,7,979
2021,11,07,6,33,18,215
2021,11,07,6,33,27,819
2021,11,07,6,33,38,59
2021,11,07,6,33,47,659
2021,11,07,6,33,57,899
2021,11,07,6,34,8,136
2021,11,07,6,34,17,751
2021,11,07,6,34,27,995
2021,11,07,6,34,38,233
2021,11,07,6,34,47,835
2021,11,07,6,34,58,71
2021,11,07,6,35,8,311
2021,11,07,6,35,17,899
2021,11,07,6,35,28,139
2021,11,07,6,35,38,379
2021,11,07,6,35,47,975
2021,11,07,6,35,58,218
2021,11,07,6,36,8,459
2021,11,07,6,36,18,59
2021,11,07,6,36,28,295
2021,11,07,6,36,37,899
2021,11,07,6,36,48,139
2021,11,07,6,36,58,378
2021,11,07,6,37,7,979
2021,11,07,6,37,18,218
2021,11,07,6,37,28,457
2021,11,07,6,37,38,55
2021,11,07,6,37,48,299
2021,11,07,6,37,58,539
2021,11,07,6,38,8,154
2021,11,07,6,38,18,391
2021,11,07,6,38,27,995
2021,11,07,6,38,38,229
2021,11,07,6,38,48,475
2021,11,07,6,38,58,59
2021,11,07,6,39,8,298
2021,11,07,6,39,18,543
2021,11,07,6,39,28,135
2021,11,07,6,39,38,379
2021,11,07,6,39,48,619
2021,11,07,6,39,58,219
2021,11,07,6,40,8,457
