7405
6394
5401
4392
3383
3110
3332
3058
3278
3500
2970
3144
3382
2774
3284
3122
3599
4059
10068
3140
3379
3072
3055
3293
2746
2871
3204
2917
3133
3367
3092
3310
2762
3258
3223
2658
2845
3127
3312
4395
3719
2788
3005
3210
2920
3154
3370
2836
3057
2768
3006
3224
2950
3172
3439
2862
12310
5178
4164
3792
3244
3494
3620
2672
2895
3133
2840
3027
3249
2720
2843
3178
31301
23303
15387
1433
1689
1931
2104
2327
2530
2749
2967
1955
1358
1591
1804
2037
2249
2515
2734
1714
1101
1313
1546
1799
2033
2221
2441
2710
1698
1115
1336
1551
1789
2007
2241
2430
2699
2919
3155
2129
1551
1786
1972
2191
2427
2648
2886
3106
2093
1547
1829
2082
2236
2502
2671
2908
1895
1284
1505
1723
2024
2212
2451
2683
2901
1872
1259
1494
1712
1946
934
2402
2619
1609
1027
1248
1484
1702
1923
2191
2426
2613
2850
3069
2040
1506
1726
1916
2152
2369
2606
2843
3045
2047
1501
1736
2002
2252
2393
2677
2848
1854
1256
1445
1679
1900
2166
2387
2572
2842
1846
1200
1437
1673
1894
2115
2350
1338
758
976
1195
1430
3698
2703
2157
2346
2567
2802
3021
3258
2231
1684
1920
2138
2343
2562
2783
3018
2008
1510
1761
1918
2139
2376
2563
2798
1818
1271
1425
1644
1866
2103
2356
2591
2824
1796
1187
1406
1641
1862
2097
2318
2555
1546
997
1217
1438
1675
1925
2097
2351
2586
2805
2992
3228
2218
1672
1893
2130
2320
2539
2774
2996
1982
1453
1640
1859
2093
2314
2551
2884
3010
2016
1405
1625
1860
2113
2349
2536
2755
1743
1181
1399
1618
1854
2073
2307
2529
1517
938
1207
1426
1646
1883
2104
2290
2525
2794
3014
3235
2241
1614
1835
2102
2320
2557
2744
2981
1968
1419
1718
1873
2172
2294
2515
2751
2972
1977
1367
1634
1853
2042
2279
2498
2735
1708
1178
1365
1602
1102
2059
2279
2499
2766
1754
1176
1411
1629
1850
2069
2306
2527
2762
2981
3186
2160
1581
1850
2071
2308
2497
2718
2955
1945
1397
1615
1932
2055
2276
2513
2732
3063
2051
1361
1581
1800
2067
2301
2615
2851
3116
1351
1616
1901
2246
2400
2681
918
1218
1500
1848
2065
2317
2598
2864
1101
1366
1650
1885
2167
2482
2764
2984
1216
1485
1766
2065
2397
2633
2901
1136
1402
1701
1951
2187
2471
742
1005
1241
1571
1790
2074
2358
2657
3021
1144
1409
1677
1961
2229
2545
2810
3062
1283
1567
1835
2119
2385
2700
919
1201
1485
1830
2032
2300
2583
2851
1038
1370
1635
1903
2184
2450
2812
2984
3251
1489
1754
2020
2301
2600
2884
1103
1355
1623
1938
2206
2483
2751
988
1270
1618
1806
2088
2371
2606
2891
1158
1379
1660
1945
2243
2608
2764
3048
1270
1552
1818
2102
2402
2684
905
1190
1455
1738
1974
2256
2522
2806
1025
1356
1607
1889
2175
2439
2724
2960
3228
1466
1750
2016
2377
2612
2880
1101
1354
1620
1936
2172
2441
2722
989
1257
1622
1807
2089
2355
2639
2921
1190
1376
1658
1940
2238
2600
2752
3019
1253
1521
1805
2119
2355
2621
857
1138
1403
1719
1952
2221
2502
2786
1040
1401
1557
1839
2107
2391
2672
2940
3240
1477
1745
1997
2313
2547
2812
1047
1329
1627
1909
2176
2460
2726
917
1197
1513
1780
2063
2330
2611
2894
1196
1382
1665
1949
2183
2497
2731
2997
1232
1500
1782
2064
2329
2646
865
1146
1414
1745
1963
2246
2510
2795
1014
1378
1531
1813
2078
2392
2740
2911
3196
1417
1684
1966
2248
2548
2815
1069
1334
1602
1884
2117
2383
2699
918
1200
1530
1716
1984
2268
2535
2931
3087
1340
1592
1876
2143
2538
2706
2974
1194
1477
1759
2072
2306
2574
812
1097
1363
1681
1917
2188
2473
2740
1010
1374
1529
1797
2081
2380
2664
2949
3186
1407
1690
2004
2287
2553
2819
1056
1323
1608
1956
2129
2395
2677
897
2906
1543
3536
2202
4196
2849
4856
1478
3488
2090
4082
2732
1016
3010
1662
3653
2351
4343
917
2892
1558
3551
2203
4196
2862
4856
1491
3482
2100
4075
2743
1011
3003
1700
3695
2426
4418
911
2903
1554
3546
2239
4218
2882
4875
1479
3470
2119
4113
2779
1047
3038
1655
3648
2346
4356
943
2936
1554
3532
2197
4189
2953
4944
1437
3430
2128
4119
2769
1003
2997
1664
3656
2417
4427
904
2897
1549
3541
2206
4182
2898
4873
1446
3431
2124
4113
2778
1047
3040
1660
3654
2401
4395
902
2908
1561
3551
2235
4229
2894
4886
1491
3484
2088
4095
2747
1015
3007
1675
3650
2366
4360
917
2910
1563
3554
2237
4247
2898
4904
1508
3483
2100
4091
2740
1022
3011
1693
3685
2413
4402
895
2885
1535
3527
2226
4218
2883
4877
1465
3474
2122
4098
2732
999
2990
1687
3682
2333
4324
929
2921
1571
3562
2227
4204
2868
4877
1433
3425
2076
4052
2719
1003
2980
1663
3656
2337
4327
884
2893
1543
3521
2188
4179
2845
4839
1459
3452
2072
4062
2727
996
2988
1655
3630
2295
4286
921
2912
1563
3554
2173
4164
2941
4933
1424
3417
2066
4057
2738
1023
3015
1634
3625
2325
4314
918
2895
1560
3551
2170
4147
2860
4850
1437
3428
2077
4087
2752
1001
3008
1660
3653
2304
4297
900
2891
1540
3530
2150
4143
2841
4832
1402
3377
2042
4033
2685
950
2943
1608
3594
2299
4291
847
2840
1492
3499
2182
4175
2827
4819
1389
3382
2079
2408
2415
2408
2401
2395
2388
2619
3011
2987
2979
2975
2967
2961
3145
3139
3132
3126
3104
3115
3106
3099
3091
3085
3077
3071
3065
3044
3035
3027
3036
3030
3022
2999
2993
2985
2976
2970
2962
2953
2945
937
1311
1643
2019
2381
2756
2750
2743
2734
2711
2704
2699
2690
2684
2676
2669
2661
2653
2646
2624
2633
2625
2937
2928
2922
2916
2924
2915
3116
3108
3101
3093
3067
3075
3069
3683
3677
3653
3648
1067
1477
1804
2179
2540
2918
2909
2887
2880
2872
2863
2856
2850
2844
2819
2826
2817
2793
2784
2777
2771
2765
2758
2751
2729
2723
2714
2721
2699
2692
2683
2676
2718
3079
3072
3066
3057
3048
3054
3047
3025
3018
3011
3004
3078
3069
3063
3038
3031
3023
3016
3007
2998
2992
3001
2986
2968
2962
2955
2949
2959
2953
2932
2924
2916
2910
2902
2897
2888
2864
2872
865
1225
1603
1981
2342
2718
2712
2703
2695
2688
2682
2865
3241
3232
3209
3202
3194
3188
3182
3176
3167
3161
3153
3147
3121
3113
3101
3095
3087
3081
3074
3066
3044
3037
3047
3022
3013
3007
3016
3010
3004
3810
3805
3798
3775
1177
1584
1991
2321
2696
2690
2681
2657
2648
2658
2651
2645
2636
2612
2603
2675
2668
2662
2653
2645
2639
2838
3231
3225
3216
3210
3187
3198
3189
3164
2161
2537
914
1336
1792
2165
2622
3043
1498
1791
2215
2636
3060
1438
1893
2299
2723
1116
1523
1900
2324
2794
1153
1574
1981
2451
2844
1205
1627
2114
2426
805
1212
1651
2087
2508
2880
1304
1708
2127
2549
2971
1332
1751
2125
2544
3015
1343
1765
2185
2640
968
1391
1809
2264
2670
1047
1469
1891
2264
2687
3109
1518
1938
2361
2766
1140
1560
1982
2389
2780
1154
1560
1999
2407
2862
1189
1610
2046
2502
828
1233
1688
2191
2502
861
1282
1814
2125
2547
2952
1378
1752
2173
2597
3018
1411
1835
2258
2682
1008
1430
1851
2258
2778
1088
1510
1932
2434
2730
1104
1528
2031
2405
764
3231
1688
1983
2407
2844
1250
1626
2031
2455
2881
1290
1711
2132
2508
3026
1307
1714
2138
2673
938
1344
1765
2187
2610
1020
1443
1867
2242
2666
3071
1496
1902
2341
2748
1174
1532
1954
2375
2798
1128
1550
1972
2394
2899
1212
1638
2059
2483
2889
3282
1659
2113
2488
864
1288
1742
2116
2539
2962
1384
1742
2164
2588
3012
1371
1795
2219
2641
1018
1424
1861
2267
2723
1050
1473
1891
2365
2773
1150
1524
1994
2367
727
3195
1650
2054
2524
3090
1400
1855
2341
2795
1217
1717
2185
2655
1031
1502
2016
2470
2940
1362
1830
2298
2768
1192
1662
2116
2667
978
1449
1919
2371
2889
1312
1767
2203
2672
1094
1546
2062
2532
2985
1406
1842
2312
2783
1236
1722
2143
2644
1020
1488
1958
2411
881
1352
1806
2245
2713
1135
1588
2055
2521
2986
1408
1877
2346
2813
1267
1736
2205
2723
1049
1519
1986
2487
911
1330
1798
2269
2736
1156
1610
2125
2593
3014
1435
1903
2371
2870
1373
1728
2196
2664
1101
1569
2036
2457
881
1349
1835
2305
712
1180
1633
2148
2617
3039
1459
1927
2395
2897
1320
1787
2255
2805
1100
1570
2038
2506
927
1378
1881
2351
742
1210
1710
2179
2648
3116
1522
1990
2427
2898
1351
1821
2289
2805
1165
1635
2104
2573
963
1415
1884
2352
774
1244
1712
2167
2634
3118
1523
1991
2460
2931
1385
1856
2323
2794
1170
1638
2106
2575
982
1450
1921
2390
814
1285
1788
2256
2725
3148
1572
4568
2544
3015
1519
1907
2423
2811
1219
1688
9688
3679
4658
1258
9528
3521
2360
862
1857
2835
6837
3228
1699
9700
3692
2674
1159
2169
3150
4147
5141
1661
2672
3651
1303
9285
3276
4272
1112
6615
2895
3889
1878
2875
3884
1393
2387
3384
4364
1410
9599
3590
2458
3452
1408
7216
1433
9417
3410
968
1977
2972
3950
4943
1557
2551
3532
1010
9010
3004
786
8783
2777
6601
2863
1316
6279
2542
3523
1558
6278
2476
946
8947
2926
3923
2874
1343
2357
3352
830
8813
2806
1165
9166
3191
1246
10078
4089
2955
1426
7284
1483
2478
3489
1016
5945
2145
3142
1146
6682
2866
1334
9350
3343
4324
3002
1441
2419
10419
1119
3472
1911
2907
3902
1443
2438
6486
2671
3665
1670
2667
3662
1171
9170
3161
767
5888
2070
3064
1084
9085
3076
1449
2443
3438
949
8947
2940
3919
1415
9415
3421
4416
1397
2391
3370
4367
5363
1851
2846
882
8880
2872
6600
2932
1398
3098
4094
1732
2726
3739
1232
2164
2406
8388
3515
6380
2629
8624
1689
2394
9575
2001
8592
920
3959
2956
8939
1602
2390
8390
1071
2208
8192
1638
1579
2477
8475
1697
4066
10065
2555
8681
1026
2915
8915
1482
1582
3809
2787
8787
1738
1678
2607
6399
2595
10401
2782
8766
1844
3319
9351
1345
1669
1353
2924
8908
1955
7953
3124
6899
1161
1438
3983
2980
8963
1867
7883
1601
1334
1578
2219
8203
1380
2485
8485
1661
2017
2756
6100
1703
2476
8491
2404
8417
1304
1627
1442
7437
1349
2695
8687
2980
3138
9132
2176
8170
2368
8363
2400
5948
2191
8188
2499
8496
1812
1366
1623
3029
9025
2296
6184
2605
5883
2193
8190
1925
7941
1321
2188
8184
2607
8587
1955
5841
2054
5575
1802
3337
2350
1441
2482
6354
2662
8659
1019
2030
3022
9005
2277
8276
958
1984
2832
8829
3812
9826
3147
9146
2752
8752
2166
6163
10162
2632
1035
2313
2574
1937
1553
2306
2115
2896
3038
4271
9195
1602
2944
2851
1747
2452
3330
2110
1695
3615
2436
4247
9000
1185
2087
2347
3452
1646
1999
3042
4098
8818
1195
2731
2236
1760
2385
2675
2149
1608
2313
2891
991
2001
2562
3346
1718
2711
1611
1677
1488
1937
2545
804
2166
1898
3195
3917
8282
1906
5905
9889
2389
3255
4137
10759
1118
2384
2208
3027
3059
1446
2965
3125
1767
2918
3334
2328
1757
2109
2637
3405
3551
2897
3555
2838
3722
3386
3163
2909
1214
5212
3903
7934
2114
3138
3812
2807
988
2827
3038
1407
2657
2517
4404
9233
1591
3175
1783
5767
10997
1340
2238
1202
2593
1588
2311
1863
1784
2345
2476
2157
3004
2094
2655
3537
3188
2551
3316
1194
1756
2415
3246
2226
1906
3903
2543
4541
2476
5018
2813
2844
4843
3755
3290
2585
4568
2107
811
2792
4792
1833
3830
1496
3477
2102
1989
872
3861
2469
1861
4131
2309
1412
4148
3042
5024
2752
2338
4319
3489
1795
3794
1600
3595
1498
3493
5488
2514
2081
4076
1741
3740
2029
1741
3739
1482
3480
1112
3109
5089
1923
1569
1569
3567
2190
1948
3964
2219
4215
2583
4564
3139
2946
1553
4256
2815
4811
2683
1099
1032
3765
1669
3649
2643
2196
4193
2560
1551
975
2973
2622
4605
3101
2813
2334
1841
3852
3356
5339
2427
4411
2109
1739
3739
3113
1755
3754
2442
4441
1866
1736
3735
2422
4404
2339
2228
4226
2916
4914
2852
1827
3827
3605
1557
3539
3188
5188
2181
1302
3300
3237
2630
3622
3606
3602
3999
3983
4380
1438
2363
2361
2359
2356
3857
3856
3853
3837
3866
3865
3865
3849
3848
3831
3829
3812
3971
3954
1921
2429
3208
3205
3203
4018
4015
3999
3996
3980
1945
3081
3608
3605
1079
2067
4843
2060
2731
2734
2733
2715
2714
2712
2708
2707
3009
3617
3615
3676
3674
3671
1033
1926
4436
4435
4435
2402
3344
3341
3341
3724
1038
2666
2663
3223
3204
3201
3505
4304
4301
2142
2139
3640
3639
3623
3620
4929
1890
2673
4000
1666
2080
2079
2079
2062
4173
4172
2014
1995
1995
3097
3095
4084
4084
4083
4064
4061
4058
1116
1853
3208
3207
3189
3186
3169
3167
3150
3150
3147
3128
3272
3271
3269
