7035
4336
3242
3892
3941
1273
3106
3105
2882
2880
2889
2373
2374
2371
943
3037
2975
3651
3141
1468
2841
2840
3192
2389
2388
1047
3091
1045
2373
2368
2374
2880
1019
2375
1276
2370
2478
663
2475
1279
4887
1479
1275
1255
3139
1266
3190
3193
3191
751
2591
2374
3104
2375
2980
2869
788
763
10793
3544
3512
2968
878
3627
2957
2679
3143
2681
2389
2391
2386
1051
696
3158
2235
1930
1194
1193
1849
1848
1848
2488
2492
2488
569
1209
570
1848
1208
2488
1826
2489
568
1208
569
1208
560
1208
1834
2473
1833
1848
578
1848
1218
2497
1861
2498
1859
2211
2499
3769
1208
1209
1208
1848
1848
1848
1848
1211
1848
1192
1194
1850
1848
1848
2489
2491
2489
1208
514
1209
1208
1848
1848
2488
1826
1850
568
1209
568
1208
571
1194
1833
2472
578
1848
578
2488
1219
2490
1859
2498
1858
2179
2499
1208
1208
1209
1848
1849
1848
2472
1411
1849
1192
1192
1192
1848
1851
1848
2490
2488
1208
1208
1211
1850
1849
1838
2488
2488
2488
1209
568
1211
568
1833
2473
2472
1192
579
578
578
1214
1208
1218
1859
1859
1850
3778
384
2498
3770
1208
1208
1848
1851
1848
1854
2472
1849
1193
1196
1193
1848
1845
1848
1849
2488
1208
1208
1209
1850
1848
1848
2488
2489
2488
568
1208
1210
1208
1208
1208
2472
2472
578
1851
580
2488
1217
944
1858
1858
3129
2499
3138
2499
1208
1208
1848
1850
1848
1848
2472
2473
1192
1192
1192
1848
1848
1849
2487
2483
2489
1208
569
1848
1208
1848
2489
2488
2488
1208
386
1208
1833
1208
1835
2472
2472
578
578
290
1218
1218
2488
1859
2500
1861
3138
2498
3768
1208
1209
1208
1848
1848
1848
1209
1848
1192
1195
1193
1848
1848
1848
2489
2488
2488
568
1208
1849
1848
1849
2488
2488
2489
569
1201
569
1833
1192
1201
1834
2473
1835
1206
578
930
1219
2489
1218
2498
1858
3766
2499
2498
1209
1211
1208
1849
1850
1849
1848
1851
1191
1194
1192
1849
1849
1849
2489
2489
2488
1208
1209
1209
1208
1848
2489
2488
2488
2499
1220
568
1852
1849
1850
3769
579
1209
1208
1849
1443
1858
2473
2489
1208
1194
1208
1219
2473
2489
1971
1848
1209
2489
568
1850
1850
2474
3139
579
1210
1188
1849
2489
1859
1849
569
1208
1192
1209
3129
1833
2491
2489
1192
1209
578
1832
2489
2489
2473
2499
578
1209
1851
1848
1849
2499
1218
570
1209
1849
1850
3128
1833
2492
1198
1193
1849
1219
2473
2489
2494
1411
2499
251
569
1851
1849
2473
3769
579
1209
1849
1852
1852
2499
1833
1209
1209
1194
1209
1859
2474
2489
2489
1181
1209
2489
569
1849
2489
1849
3139
579
1209
1849
1850
1849
2499
1219
1209
1209
1193
1848
1859
2473
1849
1209
1193
1209
2489
2464
2489
2489
1849
2499
2489
569
1849
1849
1444
3139
579
1209
1849
1849
1849
1859
2473
1209
1209
1833
1209
3129
2473
2489
2490
1189
1201
1219
1011
1849
2489
2473
3139
579
1833
1209
1849
2489
2499
1849
568
1211
1193
1849
3129
2473
2489
1209
1193
1209
1219
2473
2488
2489
1849
3769
1219
1833
1849
1851
1849
2499
1849
387
1837
1852
1849
3129
1833
1209
1209
1193
1206
3130
2473
2489
3129
1193
1209
1218
1833
1156
2489
1849
2499
1219
568
1849
1849
1849
3129
579
1209
1209
1194
2491
1859
2473
2490
1209
1833
1209
2489
1835
2489
3129
1849
2179
1219
1209
1851
1849
1849
2499
291
1209
1209
1853
1411
1861
2474
1209
1209
1199
1209
3129
1834
2490
2489
1849
773
1219
1209
1856
2489
1849
2499
1849
1209
1849
1851
1850
1859
579
386
1210
1193
1850
3139
640
1833
2489
1209
1193
1850
1219
1833
2489
2489
2489
2499
2489
569
1849
1849
2474
3140
579
1209
1209
1849
1849
1859
2474
1209
1193
1219
1849
1849
1833
2497
3779
385
569
1849
3129
2489
1849
1219
1209
1209
1209
1849
2499
1211
1193
1859
1849
1848
2473
2489
2499
1209
2489
1859
2489
1849
579
1209
1209
1209
1849
2488
1209
1195
1219
1849
1849
1833
2489
3139
569
1849
3129
2489
1849
1849
1209
1210
1210
1849
2499
1209
1193
2489
1849
1851
2484
2489
2499
1209
1849
1855
2489
2489
580
1209
1849
1193
1848
3779
641
1205
1193
1219
1849
1849
1833
2490
3779
384
569
1849
3129
1827
1851
1850
1209
1209
1834
2489
2499
1209
1193
1219
1849
1849
2474
2489
2499
1209
1849
1843
2489
2035
579
1209
1209
1209
1332
2499
1209
1193
1219
1849
1849
1835
2489
3769
569
1850
3129
2490
2473
1849
1209
1209
1833
2489
2499
1212
1185
1220
1849
1849
2474
2489
2499
1209
1332
1860
2489
1850
579
1211
1212
1209
1849
2499
1210
1193
1219
1851
2489
1833
2489
3769
569
1849
3132
2490
1849
1849
1209
775
1210
1849
3769
1210
1194
2490
1849
1851
2474
1940
2500
1209
2490
1860
2490
1850
576
1210
1210
1834
1849
1859
1210
1193
1219
1849
1849
1837
2489
3779
385
569
1850
3129
2490
2474
1219
1209
1210
1209
1851
1859
1210
1194
1853
1849
1849
2474
2490
2500
1210
1332
1859
2490
1444
579
1209
1209
1833
1849
1861
1210
1194
1219
1837
1850
1834
2490
3781
385
569
1849
3129
2490
2474
1850
1209
1210
1209
1850
1859
1210
1193
1860
1850
1845
2474
2490
2499
1210
1194
1860
2490
1852
1194
1193
1850
1850
3130
2490
580
1193
387
1850
2490
3770
570
1219
1849
2475
2490
570
1210
1849
1860
2487
1851
1194
568
1849
2489
3769
1208
1221
1851
2476
1849
1202
1207
1848
1856
2489
1219
676
1210
1847
2490
2500
1210
1860
1846
1833
1850
1210
1210
1852
3128
2490
579
1194
1210
1850
1851
1860
2490
571
1181
1210
1849
1850
2500
1211
2490
1850
1834
2474
1210
2180
1850
1860
2490
580
1196
1834
1850
2490
2500
1210
2490
1850
1834
2470
1209
1212
1850
1860
2490
1220
755
1210
1850
2490
2501
1210
2490
1332
2474
2474
1210
1210
1850
2490
1850
1834
1850
1210
1210
1850
3130
2490
580
1195
1210
1412
2490
2500
1210
1219
1850
2474
3114
570
1210
1850
1539
2498
1235
1195
570
1850
2490
3140
1211
1220
1850
2476
1850
1210
1850
1850
1860
2490
1850
1194
1210
1850
2490
2500
1210
2490
1850
2474
1850
2490
2500
1210
2490
1850
1836
2474
1210
1210
1850
1860
2490
1220
1194
1210
1850
1796
2500
1210
1860
1850
1834
2474
1212
1210
1850
1860
2489
580
1193
2490
1850
1850
2500
1211
2492
1850
1834
1850
1210
1210
1849
1860
2480
580
1194
1210
1850
2486
2501
1210
2490
756
1210
1850
1796
2500
1210
2487
1850
1834
1850
1210
1210
1850
2488
580
1211
1850
1850
2475
2500
1194
1850
2474
3754
3114
1211
570
1860
1850
548
1834
1857
1854
2490
1210
1220
1850
1850
1828
580
1210
1851
2490
1850
1210
1194
1850
2474
2500
1194
1850
1835
1860
1850
1210
1834
3130
2474
2490
570
1220
1846
2490
1210
1860
1210
1850
2490
1850
1206
1846
2490
1834
2496
1194
1850
2474
3780
386
1194
1210
1834
3130
2474
516
1194
1542
1850
2490
1210
1857
1421
2488
570
580
1210
1850
2477
580
1207
1180
1850
2475
3770
1194
566
1834
1859
2474
1209
1206
3130
3114
1210
1222
1220
1846
2491
1210
1220
1850
1850
2490
1850
1210
1850
2490
580
2500
1194
1850
2474
2181
1197
1850
1206
3130
1850
1210
1194
1860
1850
2020
1211
2487
2490
2490
570
1220
1211
1850
2490
1850
1210
1850
2491
2474
2499
1194
1850
1684
2500
1194
1206
1207
3130
3114
1210
570
1220
1850
2487
1207
1858
2487
2491
2487
2475
1210
1851
2495
580
1210
1194
1850
2474
3767
1194
1210
1835
1860
2474
1209
1210
3130
2036
1207
1206
900
1850
2491
1211
1220
1851
1851
2487
1851
1207
1852
1847
577
2498
1194
1850
2490
2490
1206
1850
1794
1850
566
570
1834
1839
580
1220
1860
1861
2501
1210
1211
1850
2474
1195
1195
1850
2488
1210
1202
1851
2491
2490
570
1208
2475
2471
580
1220
3130
3128
3771
1847
1850
2490
1412
1194
676
1847
2490
1208
1211
1849
2495
1207
1214
1211
2475
2475
1217
2488
3126
3130
3771
1848
2487
2490
1847
1195
1195
1851
2487
1208
1209
1850
2487
1208
1211
1207
2474
2475
580
1220
1860
1861
2502
1211
1861
1851
2475
1194
1853
1851
2489
1211
1211
1851
2490
1207
1211
1012
1653
572
578
1221
1857
1860
2498
1211
1850
1850
2475
1195
1850
1851
2491
1208
1210
1846
2490
571
1211
1208
2475
580
580
1216
2501
2498
3767
1211
1851
1846
3115
1187
1335
1846
2486
1205
1848
1847
2482
1207
1208
1211
2475
1847
1216
1861
3130
3767
2178
1206
1851
1848
2475
1195
1329
1851
1209
1847
1851
2489
1207
1208
1207
2475
576
577
1221
1857
2497
2501
1210
2497
2474
1851
1194
1847
1846
2491
568
1207
2702
2475
2500
1221
2607
1847
3130
1851
1210
1848
1911
2491
1847
1270
2475
2490
1207
1850
1850
2484
2491
1211
2489
2491
1194
630
1860
2487
570
256
2490
2490
1847
2487
3114
1210
1857
2487
2490
1206
1182
1210
2488
2490
1194
417
1210
2734
2487
1210
2490
1210
2478
2490
1194
2492
3131
1850
1270
1851
571
1270
1849
968
3114
1846
518
2490
2488
1207
792
1206
570
1270
1826
2490
3130
1846
1211
1850
1222
574
2491
1207
1838
3142
1210
2462
2478
2452
1220
902
1849
3130
2474
1210
988
1850
1849
566
520
1846
1206
1911
1835
2487
3130
1220
1834
3190
570
1271
1850
3130
2474
1210
1848
908
2490
3140
2490
2474
2486
1210
654
1850
570
904
2474
2500
1220
558
3137
1860
1834
2490
1210
1758
1850
2500
1220
870
2490
2487
1194
1850
2500
2490
1858
1850
2491
1192
1271
1860
1270
2490
1210
574
2490
1861
1860
3114
1210
1198
1270
1270
1940
776
2500
618
1850
1280
2473
2490
1270
1210
1270
3130
1198
1834
1272
806
554
312
3190
1210
1186
640
1269
1194
1758
1124
2474
1270
571
1273
1104
612
1022
2886
2500
1179
1850
558
574
942
1860
1758
1834
862
1847
1270
2993
1210
750
280
1248
686
1834
630
2488
862
570
1186
1823
2490
413
1834
1270
1198
878
315
1264
630
1195
640
1270
1194
806
1280
1118
1220
1281
1270
1796
1280
1210
704
1208
1270
1833
1270
336
2134
687
633
1834
1122
1857
2382
1833
654
1851
943
1860
629
1193
679
717
2718
570
2496
629
2438
841
2490
2397
2500
1269
553
640
1214
1849
1269
1849
1069
1850
669
1850
2750
1857
909
1270
1091
3139
541
1220
889
1269
1270
2499
1269
579
856
1269
2463
2490
1281
2475
1223
2499
630
1850
1822
861
2474
985
630
633
784
755
867
639
1269
2606
2448
1269
1193
629
1270
890
630
2872
1289
557
2605
1269
1822
1214
1194
907
877
3128
765
635
2879
2717
629
570
629
481
541
1270
1269
842
969
630
1284
993
851
639
221
551
629
1097
638
1037
809
1269
477
629
1135
1822
2729
557
1849
2622
733
1850
2781
2781
2145
569
1277
583
1269
1761
1407
1269
2592
1113
1270
2480
573
745
227
1279
1821
2398
1270
2753
2430
629
2397
2800
1270
814
3389
1826
1182
1859
1270
1269
1269
941
2433
631
1197
1270
629
1810
785
2490
2622
1145
2637
3181
1193
1269
946
629
365
629
546
867
639
629
1273
2024
1037
1269
2480
1837
1269
1192
754
413
1273
2477
629
1183
1269
1269
2487
1269
1834
541
1273
2749
2491
2477
1273
2909
965
497
509
1825
1181
573
1181
633
857
1113
1120
2712
1269
1197
1760
1269
818
2593
1283
2593
1279
632
1280
2270
954
481
814
1273
1197
1273
2607
640
557
1283
541
1043
546
349
1270
893
1269
927
1269
2243
1185
1049
568
1186
259
629
3033
943
1269
643
573
2485
303
2025
1279
901
1821
574
2792
1269
797
1015
2889
683
2246
1910
633
1825
323
1017
1101
830
1035
2699
2653
1272
1269
637
1169
1992
2477
1269
2433
629
477
713
1283
909
1279
1153
1282
749
377
1229
1269
629
479
640
2142
271
1273
1825
1270
1118
2605
2817
557
1098
3600
3073
1283
919
2472
2989
1910
2909
1271
2273
2729
1911
2550
396
825
1123
1181
919
2769
2714
2807
1288
2317
377
1272
643
541
3757
1269
893
2477
629
1837
1280
2487
617
2705
1825
629
2209
583
2549
559
1269
2845
1257
418
787
1677
269
1269
1167
234
887
994
1270
629
736
1213
1185
1025
2567
512
3282
1272
1024
845
2847
1214
1273
1909
2464
629
631
2749
1074
861
1912
2827
808
1213
1269
1182
2546
567
920
2375
632
2305
2541
2476
1291
1855
2465
425
716
263
1255
1673
2716
624
572
909
1102
1168
1919
2733
2928
2599
2721
2864
625
934
269
3344
544
1261
1197
1528
935
1909
1284
1185
631
2607
230
1729
