2021,11,08,22,56,34,19
2021,11,08,22,56,38,238
2021,11,08,22,56,41,649
2021,11,08,22,56,51,795
2021,11,08,22,57,1,987
2021,11,08,22,57,11,722
2021,11,08,22,57,21,933
2021,11,08,22,57,32,175
2021,11,08,22,57,41,907
2021,11,08,22,57,52,146
2021,11,08,22,58,2,387
2021,11,08,22,58,11,855
2021,11,08,22,58,22,92
2021,11,08,22,58,32,335
2021,11,08,22,58,41,911
2021,11,08,22,58,52,151
2021,11,08,22,59,1,775
2021,11,08,22,59,12,15
2021,11,08,22,59,22,768
2021,11,08,22,59,38,195
2021,11,08,22,59,41,967
2021,11,08,22,59,52,207
2021,11,08,23,0,1,935
2021,11,08,23,0,12,179
2021,11,08,23,0,22,417
2021,11,08,23,0,31,887
2021,11,08,23,0,42,195
2021,11,08,23,0,52,366
2021,11,08,23,1,2,95
2021,11,08,23,1,12,339
2021,11,08,23,1,22,575
2021,11,08,23,1,32,307
2021,11,08,23,1,42,543
2021,11,08,23,1,52,14
2021,11,08,23,2,2,259
2021,11,08,23,2,12,499
2021,11,08,23,2,22,68
2021,11,08,23,2,32,311
2021,11,08,23,2,42,554
2021,11,08,23,2,52,175
2021,11,08,23,3,2,415
2021,11,08,23,3,6,78
2021,11,08,23,3,12,683
2021,11,08,23,3,22,151
2021,11,08,23,3,32,367
2021,11,08,23,3,42,619
2021,11,08,23,3,52,335
2021,11,08,23,4,2,575
2021,11,08,23,4,12,815
2021,11,08,23,4,22,303
2021,11,08,23,4,32,527
2021,11,08,23,4,42,252
2021,11,08,23,4,52,495
2021,11,08,23,5,2,733
2021,11,08,23,5,12,463
2021,11,08,23,5,22,719
2021,11,08,23,5,32,947
2021,11,08,23,5,42,419
2021,11,08,23,5,52,939
2021,11,08,23,6,3,735
2021,11,08,23,6,12,599
2021,11,08,23,6,22,779
2021,11,08,23,6,33,10
2021,11,08,23,6,42,599
2021,11,08,23,6,52,831
2021,11,08,23,7,2,287
2021,11,08,23,7,12,527
2021,11,08,23,7,22,764
2021,11,08,23,7,32,495
2021,11,08,23,7,42,733
2021,11,08,23,7,52,979
2021,11,08,23,8,2,446
2021,11,08,23,8,12,755
2021,11,08,23,8,22,927
2021,11,08,23,9,1,832
2021,11,08,23,9,4,67
2021,11,08,23,9,11,193
2021,11,08,23,9,21,434
2021,11,08,23,9,31,19
2021,11,08,23,9,41,259
2021,11,08,23,9,51,499
2021,11,08,23,10,1,99
2021,11,08,23,10,11,338
2021,11,08,23,10,21,579
2021,11,08,23,10,31,178
2021,11,08,23,10,41,418
2021,11,08,23,10,51,657
2021,11,08,23,11,1,259
2021,11,08,23,11,11,499
2021,11,08,23,11,21,99
2021,11,08,23,11,31,339
2021,11,08,23,11,41,579
2021,11,08,23,11,51,178
2021,11,08,23,12,1,419
2021,11,08,23,12,11,658
2021,11,08,23,12,21,899
2021,11,08,23,12,32,147
2021,11,08,23,12,42,379
2021,11,08,23,12,51,353
2021,11,08,23,13,1,595
2021,11,08,23,13,11,835
2021,11,08,23,13,21,419
2021,11,08,23,13,31,659
2021,11,08,23,13,41,899
2021,11,08,23,13,51,499
2021,11,08,23,14,1,739
2021,11,08,23,14,11,337
2021,11,08,23,14,21,579
2021,11,08,23,14,31,819
2021,11,08,23,14,41,418
2021,11,08,23,14,51,659
2021,11,08,23,15,1,899
2021,11,08,23,15,11,499
2021,11,08,23,15,21,738
2021,11,08,23,15,31,979
2021,11,08,23,15,41,579
2021,11,08,23,15,51,819
2021,11,08,23,16,2,59
2021,11,08,23,16,12,299
2021,11,08,23,16,23,179
2021,11,08,23,16,32,779
2021,11,08,23,16,41,755
2021,11,08,23,16,51,993
2021,11,08,23,17,1,577
2021,11,08,23,17,11,819
2021,11,08,23,17,22,59
2021,11,08,23,17,31,658
2021,11,08,23,17,41,899
2021,11,08,23,17,52,139
2021,11,08,23,18,1,739
2021,11,08,23,18,11,979
2021,11,08,23,18,22,218
2021,11,08,23,18,31,819
2021,11,08,23,18,42,59
2021,11,08,23,18,52,299
2021,11,08,23,19,1,899
2021,11,08,23,19,12,139
2021,11,08,23,19,23,17
2021,11,08,23,19,31,979
2021,11,08,23,19,42,218
2021,11,08,23,19,52,459
2021,11,08,23,20,2,699
2021,11,08,23,20,12,936
2021,11,08,23,20,21,913
2021,11,08,23,20,32,154
2021,11,08,23,20,42,395
2021,11,08,23,20,51,979
2021,11,08,23,21,2,219
2021,11,08,23,21,12,459
2021,11,08,23,21,22,59
2021,11,08,23,21,32,299
2021,11,08,23,21,42,538
2021,11,08,23,21,52,139
2021,11,08,23,22,2,379
2021,11,08,23,22,12,619
2021,11,08,23,22,22,218
2021,11,08,23,22,32,459
2021,11,08,23,22,42,59
2021,11,08,23,22,52,299
2021,11,08,23,23,2,538
2021,11,08,23,23,12,139
2021,11,08,23,23,22,379
2021,11,08,23,23,32,619
2021,11,08,23,23,42,235
2021,11,08,23,23,53,99
2021,11,08,23,24,3,339
2021,11,08,23,24,12,315
2021,11,08,23,24,22,555
2021,11,08,23,24,32,795
2021,11,08,23,24,42,379
2021,11,08,23,24,52,616
2021,11,08,23,25,2,859
2021,11,08,23,25,12,457
2021,11,08,23,25,22,699
2021,11,08,23,25,32,299
2021,11,08,23,25,42,538
2021,11,08,23,25,52,777
2021,11,08,23,26,2,376
2021,11,08,23,26,12,619
2021,11,08,23,26,22,870
2021,11,08,23,26,32,459
2021,11,08,23,26,42,699
2021,11,08,23,26,52,939
2021,11,08,23,27,2,538
2021,11,08,23,27,12,779
2021,11,08,23,27,23,16
2021,11,08,23,27,33,259
2021,11,08,23,27,42,874
2021,11,08,23,27,52,475
2021,11,08,23,28,2,715
2021,11,08,23,28,12,955
2021,11,08,23,28,22,538
2021,11,08,23,28,32,779
2021,11,08,23,28,43,19
2021,11,08,23,28,52,623
2021,11,08,23,29,5,419
2021,11,08,23,29,13,99
2021,11,08,23,29,22,699
2021,11,08,23,29,32,938
2021,11,08,23,29,43,186
2021,11,08,23,29,52,779
2021,11,08,23,29,56,318
2021,11,08,23,30,3,19
2021,11,08,23,30,13,257
2021,11,08,23,30,22,859
2021,11,08,23,30,33,99
2021,11,08,23,30,42,699
2021,11,08,23,30,52,936
2021,11,08,23,31,3,179
2021,11,08,23,31,13,418
2021,11,08,23,31,23,35
2021,11,08,23,31,33,899
2021,11,08,23,31,42,874
2021,11,08,23,31,53,115
2021,11,08,23,32,3,355
2021,11,08,23,32,12,939
2021,11,08,23,32,23,183
2021,11,08,23,32,33,419
2021,11,08,23,32,43,659
2021,11,08,23,32,53,259
2021,11,08,23,33,2,859
2021,11,08,23,33,13,99
2021,11,08,23,33,23,339
2021,11,08,23,33,32,937
2021,11,08,23,33,43,179
2021,11,08,23,33,53,419
2021,11,08,23,34,3,19
2021,11,08,23,34,13,259
2021,11,08,23,34,23,499
2021,11,08,23,34,33,99
2021,11,08,23,34,43,339
2021,11,08,23,34,53,577
2021,11,08,23,35,3,819
2021,11,08,23,35,14,59
2021,11,08,23,35,24,299
2021,11,08,23,35,33,275
2021,11,08,23,35,43,515
2021,11,08,23,35,53,99
2021,11,08,23,36,3,336
2021,11,08,23,36,13,577
2021,11,08,23,36,23,179
2021,11,08,23,36,33,420
2021,11,08,23,36,43,657
2021,11,08,23,36,53,259
2021,11,08,23,37,3,499
2021,11,08,23,37,13,739
2021,11,08,23,37,23,339
2021,11,08,23,37,33,579
2021,11,08,23,37,43,819
2021,11,08,23,37,53,419
2021,11,08,23,38,3,659
2021,11,08,23,38,13,259
2021,11,08,23,38,23,497
2021,11,08,23,38,33,739
2021,11,08,23,38,43,979
2021,11,08,23,38,53,595
2021,11,08,23,39,3,834
2021,11,08,23,39,13,435
2021,11,08,23,39,23,675
2021,11,08,23,39,33,915
2021,11,08,23,39,43,499
2021,11,08,23,39,53,739
2021,11,08,23,40,3,978
2021,11,08,23,40,13,581
2021,11,08,23,40,23,824
2021,11,08,23,40,34,58
2021,11,08,23,40,43,659
2021,11,08,23,40,53,899
2021,11,08,23,41,3,499
2021,11,08,23,41,13,739
2021,11,08,23,41,23,979
2021,11,08,23,41,33,579
2021,11,08,23,41,43,819
2021,11,08,23,41,54,59
2021,11,08,23,42,3,659
2021,11,08,23,42,13,899
2021,11,08,23,42,24,139
2021,11,08,23,42,33,755
2021,11,08,23,42,44,619
2021,11,08,23,42,54,232
2021,11,08,23,43,3,835
2021,11,08,23,43,14,76
2021,11,08,23,43,23,659
2021,11,08,23,43,33,899
2021,11,08,23,43,44,139
2021,11,08,23,43,53,739
2021,11,08,23,44,3,979
2021,11,08,23,44,14,219
2021,11,08,23,44,23,819
2021,11,08,23,44,34,57
2021,11,08,23,44,44,297
2021,11,08,23,44,53,899
2021,11,08,23,45,4,139
2021,11,08,23,45,14,379
2021,11,08,23,45,23,979
2021,11,08,23,45,34,218
2021,11,08,23,45,44,459
2021,11,08,23,45,54,59
2021,11,08,23,46,4,299
2021,11,08,23,46,14,539
2021,11,08,23,46,25,419
2021,11,08,23,46,35,19
2021,11,08,23,46,43,995
2021,11,08,23,46,54,233
2021,11,08,23,47,4,475
2021,11,08,23,47,14,59
2021,11,08,23,47,24,299
2021,11,08,23,47,34,539
2021,11,08,23,47,44,139
2021,11,08,23,47,54,379
2021,11,08,23,48,4,619
2021,11,08,23,48,14,219
2021,11,08,23,48,24,459
2021,11,08,23,48,34,59
2021,11,08,23,48,44,299
2021,11,08,23,48,54,539
2021,11,08,23,49,4,139
2021,11,08,23,49,14,379
2021,11,08,23,49,24,618
2021,11,08,23,49,34,218
2021,11,08,23,49,44,467
2021,11,08,23,49,54,699
2021,11,08,23,50,4,315
2021,11,08,23,50,14,555
2021,11,08,23,50,25,427
2021,11,08,23,50,34,394
2021,11,08,23,50,44,635
2021,11,08,23,50,54,872
2021,11,08,23,51,4,471
2021,11,08,23,51,14,699
2021,11,08,23,51,24,299
2021,11,08,23,51,34,538
2021,11,08,23,51,44,779
2021,11,08,23,51,55,19
2021,11,08,23,52,4,619
2021,11,08,23,52,14,859
2021,11,08,23,52,24,461
2021,11,08,23,52,34,698
2021,11,08,23,52,44,939
2021,11,08,23,52,54,539
2021,11,08,23,53,4,776
2021,11,08,23,53,15,19
2021,11,08,23,53,24,619
2021,11,08,23,53,34,859
2021,11,08,23,53,45,99
2021,11,08,23,53,55,339
2021,11,08,23,54,5,577
2021,11,08,23,54,14,556
2021,11,08,23,54,24,793
2021,11,08,23,54,35,35
2021,11,08,23,54,44,619
2021,11,08,23,54,54,859
2021,11,08,23,55,5,99
2021,11,08,23,55,14,699
2021,11,08,23,55,24,939
2021,11,08,23,55,35,179
2021,11,08,23,55,44,779
2021,11,08,23,55,55,19
2021,11,08,23,56,5,259
2021,11,08,23,56,14,859
2021,11,08,23,56,25,99
2021,11,08,23,56,34,699
2021,11,08,23,56,46,859
2021,11,08,23,56,59,659
2021,11,08,23,57,11,179
2021,11,08,23,57,23,339
2021,11,08,23,57,35,499
2021,11,08,23,57,47,19
2021,11,08,23,57,59,179
2021,11,08,23,58,11,337
2021,11,08,23,58,22,859
2021,11,08,23,58,35,19
2021,11,08,23,58,47,179
2021,11,08,23,58,59,339
2021,11,08,23,59,10,859
2021,11,08,23,59,23,19
2021,11,08,23,59,35,179
2021,11,08,23,59,47,355
2021,11,08,23,59,59,499
2021,11,09,0,0,11,19
2021,11,09,0,0,23,194
2021,11,09,0,0,35,339
2021,11,09,0,0,47,499
2021,11,09,0,0,59,35
2021,11,09,0,1,11,179
2021,11,09,0,1,23,339
2021,11,09,0,1,36,139
2021,11,09,0,1,47,19
2021,11,09,0,1,59,179
2021,11,09,0,2,11,979
2021,11,09,0,2,23,499
2021,11,09,0,2,35,657
2021,11,09,0,2,47,193
2021,11,09,0,2,59,339
2021,11,09,0,3,11,498
2021,11,09,0,3,23,657
2021,11,09,0,3,35,177
2021,11,09,0,3,47,339
2021,11,09,0,3,59,499
2021,11,09,0,4,11,659
2021,11,09,0,4,23,179
2021,11,09,0,4,35,339
2021,11,09,0,4,47,499
2021,11,09,0,4,59,675
2021,11,09,0,5,11,819
2021,11,09,0,5,23,339
2021,11,09,0,5,35,515
2021,11,09,0,5,47,657
2021,11,09,0,5,59,819
2021,11,09,0,6,11,355
2021,11,09,0,6,23,498
2021,11,09,0,6,36,299
2021,11,09,0,6,47,835
2021,11,09,0,6,59,339
2021,11,09,0,7,11,499
2021,11,09,0,7,23,675
2021,11,09,0,7,35,819
2021,11,09,0,7,47,979
2021,11,09,0,8,0,139
2021,11,09,0,8,11,657
2021,11,09,0,8,23,819
2021,11,09,0,8,35,979
2021,11,09,0,8,47,499
2021,11,09,0,8,59,659
2021,11,09,0,9,11,817
2021,11,09,0,9,23,979
2021,11,09,0,9,35,499
2021,11,09,0,9,47,657
2021,11,09,0,9,59,819
2021,11,09,0,10,11,995
2021,11,09,0,10,24,139
2021,11,09,0,10,35,670
2021,11,09,0,10,47,835
2021,11,09,0,10,59,979
2021,11,09,0,11,12,139
2021,11,09,0,11,23,675
2021,11,09,0,11,35,819
2021,11,09,0,11,47,977
2021,11,09,0,12,0,779
2021,11,09,0,12,12,299
2021,11,09,0,12,24,467
2021,11,09,0,12,36,619
2021,11,09,0,12,48,137
2021,11,09,0,13,0,299
2021,11,09,0,13,11,835
2021,11,09,0,13,23,979
2021,11,09,0,13,36,139
2021,11,09,0,13,48,299
2021,11,09,0,13,59,819
2021,11,09,0,14,11,976
2021,11,09,0,14,24,136
2021,11,09,0,14,36,299
2021,11,09,0,14,48,475
2021,11,09,0,14,59,979
2021,11,09,0,15,12,139
2021,11,09,0,15,24,315
2021,11,09,0,15,36,459
2021,11,09,0,15,47,979
2021,11,09,0,16,0,154
2021,11,09,0,16,12,299
2021,11,09,0,16,24,459
2021,11,09,0,16,36,7
2021,11,09,0,16,48,139
2021,11,09,0,17,0,299
2021,11,09,0,17,13,99
2021,11,09,0,17,24,618
2021,11,09,0,17,36,139
2021,11,09,0,17,48,939
2021,11,09,0,18,0,459
2021,11,09,0,18,12,619
2021,11,09,0,18,24,779
2021,11,09,0,18,36,299
2021,11,09,0,18,48,458
2021,11,09,0,19,0,619
2021,11,09,0,19,12,139
2021,11,09,0,19,24,299
2021,11,09,0,19,36,459
2021,11,09,0,19,48,619
2021,11,09,0,20,0,795
2021,11,09,0,20,12,299
2021,11,09,0,20,24,459
2021,11,09,0,20,36,635
2021,11,09,0,20,48,779
2021,11,09,0,21,0,299
2021,11,09,0,21,12,475
2021,11,09,0,21,24,619
2021,11,09,0,21,36,779
2021,11,09,0,21,48,323
2021,11,09,0,22,0,459
2021,11,09,0,22,12,619
2021,11,09,0,22,25,419
2021,11,09,0,22,36,939
2021,11,09,0,22,48,459
2021,11,09,0,23,1,259
2021,11,09,0,23,12,779
2021,11,09,0,23,24,939
2021,11,09,0,23,37,99
2021,11,09,0,23,48,619
2021,11,09,0,24,0,779
2021,11,09,0,24,12,939
2021,11,09,0,24,24,459
2021,11,09,0,24,36,619
2021,11,09,0,24,48,779
2021,11,09,0,25,0,939
2021,11,09,0,25,13,114
2021,11,09,0,25,24,619
2021,11,09,0,25,36,779
2021,11,09,0,25,48,955
2021,11,09,0,26,1,99
2021,11,09,0,26,12,619
2021,11,09,0,26,24,795
2021,11,09,0,26,36,939
2021,11,09,0,26,49,97
2021,11,09,0,27,0,639
2021,11,09,0,27,12,787
2021,11,09,0,27,24,939
2021,11,09,0,27,37,115
2021,11,09,0,27,49,259
2021,11,09,0,28,0,779
2021,11,09,0,28,12,955
2021,11,09,0,28,25,99
2021,11,09,0,28,37,259
2021,11,09,0,28,48,795
2021,11,09,0,29,0,939
2021,11,09,0,29,13,99
2021,11,09,0,29,25,259
2021,11,09,0,29,36,779
2021,11,09,0,29,48,939
2021,11,09,0,30,1,99
2021,11,09,0,30,13,257
2021,11,09,0,30,25,435
2021,11,09,0,30,36,939
2021,11,09,0,30,49,99
2021,11,09,0,31,1,275
2021,11,09,0,31,13,419
2021,11,09,0,31,24,939
2021,11,09,0,31,37,115
2021,11,09,0,31,49,259
2021,11,09,0,32,1,419
2021,11,09,0,32,12,955
2021,11,09,0,32,25,99
2021,11,09,0,32,37,259
2021,11,09,0,32,50,59
2021,11,09,0,33,1,579
2021,11,09,0,33,13,99
2021,11,09,0,33,25,275
2021,11,09,0,33,37,419
2021,11,09,0,33,49,577
2021,11,09,0,34,1,739
2021,11,09,0,34,13,259
2021,11,09,0,34,25,419
2021,11,09,0,34,37,578
2021,11,09,0,34,49,111
2021,11,09,0,35,1,256
2021,11,09,0,35,13,419
2021,11,09,0,35,25,579
2021,11,09,0,35,37,755
2021,11,09,0,35,49,259
2021,11,09,0,36,1,419
2021,11,09,0,36,13,595
2021,11,09,0,36,25,742
2021,11,09,0,36,37,257
2021,11,09,0,36,49,435
2021,11,09,0,37,1,579
2021,11,09,0,37,13,739
2021,11,09,0,37,25,275
2021,11,09,0,37,37,419
2021,11,09,0,37,49,579
2021,11,09,0,38,1,755
2021,11,09,0,38,13,898
2021,11,09,0,38,25,418
2021,11,09,0,38,38,219
2021,11,09,0,38,49,739
2021,11,09,0,39,1,899
2021,11,09,0,39,14,59
2021,11,09,0,39,25,579
2021,11,09,0,39,37,739
2021,11,09,0,39,49,899
2021,11,09,0,40,2,59
2021,11,09,0,40,13,579
2021,11,09,0,40,25,739
2021,11,09,0,40,37,899
2021,11,09,0,40,50,75
2021,11,09,0,41,1,577
2021,11,09,0,41,13,739
2021,11,09,0,41,25,915
2021,11,09,0,41,38,59
2021,11,09,0,41,49,579
2021,11,09,0,42,1,755
2021,11,09,0,42,13,899
2021,11,09,0,42,26,59
2021,11,09,0,42,38,232
2021,11,09,0,42,49,739
2021,11,09,0,43,1,899
2021,11,09,0,43,14,699
2021,11,09,0,43,26,218
2021,11,09,0,43,37,739
2021,11,09,0,43,50,539
2021,11,09,0,44,2,57
2021,11,09,0,44,14,219
2021,11,09,0,44,26,379
2021,11,09,0,44,37,899
2021,11,09,0,44,50,58
2021,11,09,0,45,2,219
2021,11,09,0,45,14,379
2021,11,09,0,45,25,899
2021,11,09,0,45,38,59
2021,11,09,0,45,50,217
2021,11,09,0,46,2,393
2021,11,09,0,46,13,899
2021,11,09,0,46,26,59
2021,11,09,0,46,38,232
2021,11,09,0,46,50,379
2021,11,09,0,47,1,899
2021,11,09,0,47,14,75
2021,11,09,0,47,26,218
2021,11,09,0,47,38,379
2021,11,09,0,47,51,179
2021,11,09,0,48,2,57
2021,11,09,0,48,14,218
2021,11,09,0,48,27,19
2021,11,09,0,48,38,538
2021,11,09,0,48,50,59
2021,11,09,0,49,2,858
2021,11,09,0,49,14,378
2021,11,09,0,49,26,539
2021,11,09,0,49,38,699
2021,11,09,0,49,50,219
2021,11,09,0,50,2,379
2021,11,09,0,50,14,538
2021,11,09,0,50,26,699
2021,11,09,0,50,38,218
2021,11,09,0,50,50,379
2021,11,09,0,51,2,537
2021,11,09,0,51,14,715
2021,11,09,0,51,26,218
2021,11,09,0,51,38,379
2021,11,09,0,51,41,22
2021,11,09,0,51,50,555
2021,11,09,0,52,2,699
2021,11,09,0,52,14,219
2021,11,09,0,52,26,395
2021,11,09,0,52,38,538
2021,11,09,0,52,50,699
2021,11,09,0,53,2,875
2021,11,09,0,53,14,379
2021,11,09,0,53,26,538
2021,11,09,0,53,39,339
2021,11,09,0,53,50,859
2021,11,09,0,54,2,379
2021,11,09,0,54,15,179
2021,11,09,0,54,26,699
2021,11,09,0,54,38,859
2021,11,09,0,54,50,393
2021,11,09,0,55,2,538
2021,11,09,0,55,14,699
2021,11,09,0,55,26,859
2021,11,09,0,55,39,19
2021,11,09,0,55,50,539
2021,11,09,0,56,2,699
2021,11,09,0,56,14,859
2021,11,09,0,56,27,35
2021,11,09,0,56,38,539
2021,11,09,0,56,52,635
2021,11,09,0,57,6,699
2021,11,09,0,57,20,779
2021,11,09,0,57,34,859
2021,11,09,0,57,48,955
2021,11,09,0,58,3,19
2021,11,09,0,58,17,99
2021,11,09,0,58,20,638
2021,11,09,0,58,31,179
2021,11,09,0,58,44,619
2021,11,09,0,58,58,699
2021,11,09,0,59,12,779
2021,11,09,0,59,27,499
2021,11,09,0,59,40,939
2021,11,09,0,59,55,19
2021,11,09,1,0,9,99
2021,11,09,1,0,23,819
2021,11,09,1,0,37,259
2021,11,09,1,0,50,699
2021,11,09,1,1,4,777
2021,11,09,1,1,18,875
2021,11,09,1,1,32,939
2021,11,09,1,1,47,19
2021,11,09,1,2,1,99
2021,11,09,1,2,15,195
2021,11,09,1,2,29,259
2021,11,09,1,2,43,339
2021,11,09,1,2,57,419
2021,11,09,1,3,10,859
2021,11,09,1,3,24,939
2021,11,09,1,3,39,19
2021,11,09,1,3,53,739
2021,11,09,1,4,7,179
2021,11,09,1,4,21,260
2021,11,09,1,4,35,339
2021,11,09,1,4,50,59
2021,11,09,1,5,3,499
2021,11,09,1,5,16,950
2021,11,09,1,5,31,19
2021,11,09,1,5,45,113
2021,11,09,1,5,59,179
2021,11,09,1,6,13,259
2021,11,09,1,6,27,339
2021,11,09,1,6,41,435
2021,11,09,1,6,55,499
2021,11,09,1,7,9,579
2021,11,09,1,7,23,658
2021,11,09,1,7,37,99
2021,11,09,1,7,51,179
2021,11,09,1,8,5,259
2021,11,09,1,8,19,979
2021,11,09,1,8,33,419
2021,11,09,1,8,47,499
2021,11,09,1,9,1,579
2021,11,09,1,9,16,298
2021,11,09,1,9,29,739
2021,11,09,1,9,43,179
2021,11,09,1,9,57,259
2021,11,09,1,10,11,355
2021,11,09,1,10,25,419
2021,11,09,1,10,39,499
2021,11,09,1,10,53,579
2021,11,09,1,11,7,674
2021,11,09,1,11,21,739
2021,11,09,1,11,35,819
2021,11,09,1,11,49,899
2021,11,09,1,12,3,339
2021,11,09,1,12,17,423
2021,11,09,1,12,31,499
2021,11,09,1,12,46,219
2021,11,09,1,12,59,658
2021,11,09,1,13,13,739
2021,11,09,1,13,27,819
2021,11,09,1,13,41,915
2021,11,09,1,13,55,980
2021,11,09,1,14,9,419
2021,11,09,1,14,12,702
2021,11,09,1,14,23,503
2021,11,09,1,14,37,595
2021,11,09,1,14,51,659
2021,11,09,1,15,5,739
2021,11,09,1,15,19,819
2021,11,09,1,15,33,915
2021,11,09,1,15,47,978
2021,11,09,1,16,2,59
2021,11,09,1,16,5,598
2021,11,09,1,16,16,139
2021,11,09,1,16,29,579
2021,11,09,1,16,43,659
2021,11,09,1,16,57,739
2021,11,09,1,17,12,457
2021,11,09,1,17,25,898
2021,11,09,1,17,39,979
2021,11,09,1,17,54,59
2021,11,09,1,18,8,154
2021,11,09,1,18,22,219
2021,11,09,1,18,35,659
2021,11,09,1,18,49,739
2021,11,09,1,19,3,835
2021,11,09,1,19,17,899
2021,11,09,1,19,31,979
2021,11,09,1,19,46,59
2021,11,09,1,20,0,154
2021,11,09,1,20,14,219
2021,11,09,1,20,28,299
2021,11,09,1,20,42,379
2021,11,09,1,20,55,819
2021,11,09,1,21,9,914
2021,11,09,1,21,23,979
2021,11,09,1,21,38,75
2021,11,09,1,21,52,139
2021,11,09,1,22,6,219
2021,11,09,1,22,20,299
2021,11,09,1,22,35,19
2021,11,09,1,22,48,459
2021,11,09,1,23,1,899
2021,11,09,1,23,15,979
2021,11,09,1,23,30,75
2021,11,09,1,23,44,139
2021,11,09,1,23,58,219
2021,11,09,1,24,12,299
2021,11,09,1,24,26,393
2021,11,09,1,24,40,459
2021,11,09,1,24,54,539
2021,11,09,1,25,8,619
2021,11,09,1,25,22,59
2021,11,09,1,25,36,139
2021,11,09,1,25,50,218
2021,11,09,1,26,4,315
2021,11,09,1,26,18,379
2021,11,09,1,26,32,459
2021,11,09,1,26,46,539
2021,11,09,1,27,0,635
2021,11,09,1,27,14,699
2021,11,09,1,27,28,139
2021,11,09,1,27,42,216
2021,11,09,1,27,56,325
2021,11,09,1,28,10,379
2021,11,09,1,28,24,459
2021,11,09,1,28,38,539
2021,11,09,1,28,52,635
2021,11,09,1,29,6,699
2021,11,09,1,29,20,779
2021,11,09,1,29,34,859
2021,11,09,1,29,48,298
2021,11,09,1,30,2,378
2021,11,09,1,30,16,459
2021,11,09,1,30,31,178
2021,11,09,1,30,44,619
2021,11,09,1,30,58,698
2021,11,09,1,31,12,776
2021,11,09,1,31,27,499
2021,11,09,1,31,40,939
2021,11,09,1,31,54,379
2021,11,09,1,32,8,459
2021,11,09,1,32,22,555
2021,11,09,1,32,36,619
2021,11,09,1,32,50,698
2021,11,09,1,33,4,779
2021,11,09,1,33,18,875
2021,11,09,1,33,32,939
2021,11,09,1,33,47,19
2021,11,09,1,34,1,98
2021,11,09,1,34,14,539
2021,11,09,1,34,28,616
2021,11,09,1,34,42,698
2021,11,09,1,34,57,419
2021,11,09,1,35,10,859
2021,11,09,1,35,24,939
2021,11,09,1,35,39,19
2021,11,09,1,35,53,739
2021,11,09,1,36,7,179
2021,11,09,1,36,20,619
2021,11,09,1,36,34,698
2021,11,09,1,36,48,795
2021,11,09,1,37,2,859
2021,11,09,1,37,16,939
2021,11,09,1,37,31,18
2021,11,09,1,37,45,115
2021,11,09,1,37,59,178
2021,11,09,1,38,13,259
2021,11,09,1,38,27,339
2021,11,09,1,38,40,779
2021,11,09,1,38,54,859
2021,11,09,1,39,8,939
2021,11,09,1,39,23,659
2021,11,09,1,39,37,103
2021,11,09,1,39,51,179
2021,11,09,1,40,5,258
2021,11,09,1,40,19,354
2021,11,09,1,40,33,419
2021,11,09,1,40,47,499
2021,11,09,1,41,0,939
2021,11,09,1,41,15,35
2021,11,09,1,41,29,99
2021,11,09,1,41,43,179
2021,11,09,1,41,57,259
2021,11,09,1,42,11,355
2021,11,09,1,42,25,419
2021,11,09,1,42,39,499
2021,11,09,1,42,43,38
2021,11,09,1,42,53,579
2021,11,09,1,43,7,19
2021,11,09,1,43,21,99
2021,11,09,1,43,35,179
2021,11,09,1,43,49,275
2021,11,09,1,44,3,339
2021,11,09,1,44,17,419
2021,11,09,1,44,31,499
2021,11,09,1,44,46,219
2021,11,09,1,44,59,659
2021,11,09,1,45,13,739
2021,11,09,1,45,27,179
2021,11,09,1,45,41,275
2021,11,09,1,45,55,345
2021,11,09,1,46,9,419
2021,11,09,1,46,23,499
2021,11,09,1,46,37,595
2021,11,09,1,46,51,659
2021,11,09,1,47,5,739
2021,11,09,1,47,19,819
2021,11,09,1,47,33,259
2021,11,09,1,47,47,339
2021,11,09,1,48,1,419
2021,11,09,1,48,16,139
2021,11,09,1,48,29,579
2021,11,09,1,48,43,659
2021,11,09,1,48,57,739
2021,11,09,1,49,11,835
2021,11,09,1,49,25,899
2021,11,09,1,49,39,978
2021,11,09,1,49,53,419
2021,11,09,1,50,7,515
2021,11,09,1,50,21,579
2021,11,09,1,50,35,671
2021,11,09,1,50,49,739
2021,11,09,1,51,3,835
2021,11,09,1,51,17,898
2021,11,09,1,51,31,979
2021,11,09,1,51,35,518
2021,11,09,1,51,46,59
2021,11,09,1,51,59,499
2021,11,09,1,52,13,579
2021,11,09,1,52,27,659
2021,11,09,1,52,41,755
2021,11,09,1,52,55,819
2021,11,09,1,53,9,899
2021,11,09,1,53,23,979
2021,11,09,1,53,38,699
2021,11,09,1,53,52,139
2021,11,09,1,54,6,219
2021,11,09,1,54,19,659
2021,11,09,1,54,33,755
2021,11,09,1,54,47,819
2021,11,09,1,55,1,899
2021,11,09,1,55,15,984
2021,11,09,1,55,30,75
2021,11,09,1,55,44,139
2021,11,09,1,55,58,219
2021,11,09,1,56,12,299
2021,11,09,1,56,26,395
2021,11,09,1,56,39,819
2021,11,09,1,56,55,819
2021,11,09,1,57,11,816
2021,11,09,1,57,27,835
2021,11,09,1,57,43,835
2021,11,09,1,57,59,819
2021,11,09,1,58,16,459
2021,11,09,1,58,32,459
2021,11,09,1,58,48,459
2021,11,09,1,59,4,458
2021,11,09,1,59,20,475
2021,11,09,1,59,37,99
2021,11,09,1,59,52,459
2021,11,09,2,0,8,459
2021,11,09,2,0,24,459
2021,11,09,2,0,40,459
2021,11,09,2,0,56,459
2021,11,09,2,1,12,459
2021,11,09,2,1,28,473
2021,11,09,2,1,45,99
2021,11,09,2,2,0,459
2021,11,09,2,2,16,459
2021,11,09,2,2,32,459
2021,11,09,2,2,48,459
2021,11,09,2,3,4,461
2021,11,09,2,3,20,457
2021,11,09,2,3,36,475
2021,11,09,2,3,53,100
2021,11,09,2,4,8,459
2021,11,09,2,4,24,459
2021,11,09,2,4,40,459
2021,11,09,2,4,56,460
2021,11,09,2,5,12,458
2021,11,09,2,5,28,457
2021,11,09,2,5,44,473
2021,11,09,2,6,1,99
2021,11,09,2,6,16,467
2021,11,09,2,6,32,461
2021,11,09,2,6,48,461
2021,11,09,2,7,4,462
2021,11,09,2,7,20,459
2021,11,09,2,7,36,459
2021,11,09,2,7,52,475
2021,11,09,2,8,9,99
2021,11,09,2,8,24,461
2021,11,09,2,8,40,459
2021,11,09,2,8,56,459
2021,11,09,2,9,12,459
2021,11,09,2,9,28,459
2021,11,09,2,9,44,463
2021,11,09,2,10,0,475
2021,11,09,2,10,17,99
2021,11,09,2,10,32,459
2021,11,09,2,10,48,458
2021,11,09,2,11,4,457
2021,11,09,2,11,20,461
2021,11,09,2,11,36,459
2021,11,09,2,11,52,459
2021,11,09,2,12,8,474
2021,11,09,2,12,25,99
2021,11,09,2,12,41,99
2021,11,09,2,12,57,97
2021,11,09,2,13,13,99
2021,11,09,2,13,29,99
2021,11,09,2,13,45,107
2021,11,09,2,14,1,127
2021,11,09,2,14,17,739
2021,11,09,2,14,33,99
2021,11,09,2,14,49,99
2021,11,09,2,15,5,99
2021,11,09,2,15,21,98
2021,11,09,2,15,37,99
2021,11,09,2,15,53,99
2021,11,09,2,16,9,115
2021,11,09,2,16,25,115
2021,11,09,2,16,41,99
2021,11,09,2,16,57,739
2021,11,09,2,17,13,99
2021,11,09,2,17,29,99
2021,11,09,2,17,45,99
2021,11,09,2,18,1,99
2021,11,09,2,18,17,112
2021,11,09,2,18,33,114
2021,11,09,2,18,49,99
2021,11,09,2,19,5,99
2021,11,09,2,19,21,99
2021,11,09,2,19,37,99
2021,11,09,2,19,53,99
2021,11,09,2,20,9,99
2021,11,09,2,20,25,115
2021,11,09,2,20,41,119
2021,11,09,2,20,57,99
2021,11,09,2,21,13,97
2021,11,09,2,21,29,99
2021,11,09,2,21,45,99
2021,11,09,2,22,1,99
2021,11,09,2,22,17,99
2021,11,09,2,22,33,115
2021,11,09,2,22,49,739
2021,11,09,2,23,5,99
2021,11,09,2,23,21,99
2021,11,09,2,23,37,99
2021,11,09,2,23,53,99
2021,11,09,2,24,9,99
2021,11,09,2,24,25,99
2021,11,09,2,24,41,115
2021,11,09,2,24,57,115
2021,11,09,2,25,13,99
2021,11,09,2,25,29,99
2021,11,09,2,25,45,99
2021,11,09,2,26,1,739
2021,11,09,2,26,17,739
2021,11,09,2,26,33,755
2021,11,09,2,26,50,379
2021,11,09,2,27,5,739
2021,11,09,2,27,21,739
2021,11,09,2,27,37,739
2021,11,09,2,27,53,739
2021,11,09,2,28,9,739
2021,11,09,2,28,25,739
2021,11,09,2,28,41,754
2021,11,09,2,28,58,379
2021,11,09,2,29,13,739
2021,11,09,2,29,29,739
2021,11,09,2,29,45,739
2021,11,09,2,30,1,739
2021,11,09,2,30,17,739
2021,11,09,2,30,33,739
2021,11,09,2,30,49,755
2021,11,09,2,31,5,755
2021,11,09,2,31,21,739
2021,11,09,2,31,37,738
2021,11,09,2,31,53,739
2021,11,09,2,32,9,739
2021,11,09,2,32,25,738
2021,11,09,2,32,41,739
2021,11,09,2,32,57,754
2021,11,09,2,33,14,379
2021,11,09,2,33,29,738
2021,11,09,2,33,45,739
2021,11,09,2,34,1,739
2021,11,09,2,34,17,738
2021,11,09,2,34,33,739
2021,11,09,2,34,49,739
2021,11,09,2,35,5,753
2021,11,09,2,35,22,379
2021,11,09,2,35,37,738
2021,11,09,2,35,53,739
2021,11,09,2,36,9,739
2021,11,09,2,36,25,739
2021,11,09,2,36,41,739
2021,11,09,2,36,57,739
2021,11,09,2,37,13,755
2021,11,09,2,37,30,379
2021,11,09,2,37,45,739
2021,11,09,2,38,1,739
2021,11,09,2,38,17,739
2021,11,09,2,38,33,739
2021,11,09,2,38,49,739
2021,11,09,2,39,5,739
2021,11,09,2,39,21,755
2021,11,09,2,39,38,379
2021,11,09,2,39,54,379
2021,11,09,2,40,10,379
2021,11,09,2,40,26,379
2021,11,09,2,40,42,378
2021,11,09,2,40,58,379
2021,11,09,2,41,14,393
2021,11,09,2,41,30,395
2021,11,09,2,41,46,379
2021,11,09,2,42,2,379
2021,11,09,2,42,18,379
2021,11,09,2,42,34,379
2021,11,09,2,42,50,379
2021,11,09,2,43,6,379
2021,11,09,2,43,22,395
2021,11,09,2,43,39,19
2021,11,09,2,43,54,379
2021,11,09,2,44,10,379
2021,11,09,2,44,26,379
2021,11,09,2,44,42,379
2021,11,09,2,44,58,379
2021,11,09,2,45,14,379
2021,11,09,2,45,30,395
2021,11,09,2,45,46,395
2021,11,09,2,46,2,377
2021,11,09,2,46,18,379
2021,11,09,2,46,34,379
2021,11,09,2,46,50,379
2021,11,09,2,47,6,380
2021,11,09,2,47,22,379
2021,11,09,2,47,38,396
2021,11,09,2,47,55,659
2021,11,09,2,48,10,379
2021,11,09,2,48,26,379
2021,11,09,2,48,42,379
2021,11,09,2,48,58,378
2021,11,09,2,49,14,377
2021,11,09,2,49,30,379
2021,11,09,2,49,46,395
2021,11,09,2,50,3,19
2021,11,09,2,50,18,379
2021,11,09,2,50,34,379
2021,11,09,2,50,50,380
2021,11,09,2,51,6,379
2021,11,09,2,51,22,389
2021,11,09,2,51,38,379
2021,11,09,2,51,54,395
2021,11,09,2,52,11,18
2021,11,09,2,52,26,379
2021,11,09,2,52,42,383
2021,11,09,2,52,58,378
2021,11,09,2,53,14,379
2021,11,09,2,53,30,379
2021,11,09,2,53,47,35
2021,11,09,2,54,3,659
2021,11,09,2,54,19,19
2021,11,09,2,54,35,19
2021,11,09,2,54,51,19
2021,11,09,2,55,7,19
2021,11,09,2,55,23,23
2021,11,09,2,55,39,19
2021,11,09,2,55,55,35
2021,11,09,2,56,11,659
2021,11,09,2,56,27,19
2021,11,09,2,56,43,19
2021,11,09,2,57,0,939
2021,11,09,2,57,18,861
2021,11,09,2,57,36,779
2021,11,09,2,57,54,699
2021,11,09,2,58,12,619
2021,11,09,2,58,31,179
2021,11,09,2,58,49,113
2021,11,09,2,59,7,19
2021,11,09,2,59,24,955
2021,11,09,2,59,42,859
2021,11,09,3,0,0,795
2021,11,09,3,0,18,715
2021,11,09,3,0,37,275
2021,11,09,3,0,55,179
2021,11,09,3,1,13,739
2021,11,09,3,1,31,19
2021,11,09,3,1,49,579
2021,11,09,3,2,6,859
2021,11,09,3,2,24,795
2021,11,09,3,2,43,342
2021,11,09,3,3,1,257
2021,11,09,3,3,19,179
2021,11,09,3,3,37,99
2021,11,09,3,3,55,19
2021,11,09,3,4,12,939
2021,11,09,3,4,31,499
2021,11,09,3,4,49,419
2021,11,09,3,5,7,339
2021,11,09,3,5,25,259
2021,11,09,3,5,43,178
2021,11,09,3,6,1,99
2021,11,09,3,6,19,19
2021,11,09,3,6,36,939
2021,11,09,3,6,55,515
2021,11,09,3,7,13,419
2021,11,09,3,7,31,355
2021,11,09,3,7,49,259
2021,11,09,3,8,7,195
2021,11,09,3,8,25,99
2021,11,09,3,8,43,674
2021,11,09,3,9,1,579
2021,11,09,3,9,20,139
2021,11,09,3,9,37,419
2021,11,09,3,9,55,355
2021,11,09,3,10,13,259
2021,11,09,3,10,31,195
2021,11,09,3,10,49,739
2021,11,09,3,11,7,659
2021,11,09,3,11,25,579
2021,11,09,3,11,43,503
2021,11,09,3,12,1,419
2021,11,09,3,12,19,339
2021,11,09,3,12,37,259
2021,11,09,3,12,55,819
2021,11,09,3,13,13,739
2021,11,09,3,13,31,659
2021,11,09,3,13,49,579
2021,11,09,3,14,7,503
2021,11,09,3,14,25,422
2021,11,09,3,14,43,339
2021,11,09,3,15,1,915
2021,11,09,3,15,19,823
2021,11,09,3,15,37,755
2021,11,09,3,15,55,659
2021,11,09,3,16,13,595
2021,11,09,3,16,31,499
2021,11,09,3,16,35,38
2021,11,09,3,16,49,435
2021,11,09,3,17,7,979
2021,11,09,3,17,25,915
2021,11,09,3,17,43,819
2021,11,09,3,18,1,755
2021,11,09,3,18,19,659
2021,11,09,3,18,37,595
2021,11,09,3,18,55,497
2021,11,09,3,19,14,59
2021,11,09,3,19,31,979
2021,11,09,3,19,49,899
2021,11,09,3,20,7,822
2021,11,09,3,20,25,739
2021,11,09,3,20,43,661
2021,11,09,3,21,1,579
2021,11,09,3,21,20,139
2021,11,09,3,21,38,59
2021,11,09,3,21,55,979
2021,11,09,3,22,13,912
2021,11,09,3,22,31,819
2021,11,09,3,22,49,743
2021,11,09,3,23,8,329
2021,11,09,3,23,26,219
2021,11,09,3,23,44,154
2021,11,09,3,24,2,59
2021,11,09,3,24,19,995
2021,11,09,3,24,38,542
2021,11,09,3,24,55,835
2021,11,09,3,25,14,379
2021,11,09,3,25,32,315
2021,11,09,3,25,50,220
2021,11,09,3,26,8,782
2021,11,09,3,26,26,59
2021,11,09,3,26,43,995
2021,11,09,3,27,1,899
2021,11,09,3,27,20,459
2021,11,09,3,27,38,379
2021,11,09,3,27,56,303
2021,11,09,3,28,14,218
2021,11,09,3,28,32,139
2021,11,09,3,28,50,59
2021,11,09,3,29,7,979
2021,11,09,3,29,26,539
2021,11,09,3,29,44,459
2021,11,09,3,30,2,379
2021,11,09,3,30,20,299
2021,11,09,3,30,38,219
2021,11,09,3,30,56,139
2021,11,09,3,31,14,59
2021,11,09,3,31,32,619
2021,11,09,3,31,50,555
2021,11,09,3,32,8,459
2021,11,09,3,32,26,395
2021,11,09,3,32,44,299
2021,11,09,3,33,2,234
2021,11,09,3,33,20,139
2021,11,09,3,33,39,343
2021,11,09,3,33,56,619
2021,11,09,3,34,15,179
2021,11,09,3,34,32,459
2021,11,09,3,34,50,395
2021,11,09,3,35,8,299
2021,11,09,3,35,26,859
2021,11,09,3,35,44,779
2021,11,09,3,36,2,698
2021,11,09,3,36,20,622
2021,11,09,3,36,38,539
2021,11,09,3,36,56,459
2021,11,09,3,37,14,379
2021,11,09,3,37,32,299
2021,11,09,3,37,50,858
2021,11,09,3,38,8,779
2021,11,09,3,38,26,699
2021,11,09,3,38,44,619
2021,11,09,3,39,2,539
2021,11,09,3,39,20,459
2021,11,09,3,39,38,379
2021,11,09,3,39,56,955
2021,11,09,3,40,14,862
2021,11,09,3,40,32,795
2021,11,09,3,40,50,699
2021,11,09,3,41,8,635
2021,11,09,3,41,26,539
2021,11,09,3,41,44,475
2021,11,09,3,42,3,22
2021,11,09,3,42,21,582
2021,11,09,3,42,38,859
2021,11,09,3,42,56,795
2021,11,09,3,43,14,699
2021,11,09,3,43,33,259
2021,11,09,3,43,51,179
2021,11,09,3,44,9,99
2021,11,09,3,44,27,22
2021,11,09,3,44,44,942
2021,11,09,3,45,2,861
2021,11,09,3,45,20,782
2021,11,09,3,45,38,698
2021,11,09,3,45,57,262
2021,11,09,3,46,15,835
2021,11,09,3,46,33,99
2021,11,09,3,46,51,19
2021,11,09,3,47,8,939
2021,11,09,3,47,26,859
2021,11,09,3,47,44,779
2021,11,09,3,48,3,355
2021,11,09,3,48,21,259
2021,11,09,3,48,39,195
2021,11,09,3,48,57,102
2021,11,09,3,49,15,35
2021,11,09,3,49,32,939
2021,11,09,3,49,50,875
2021,11,09,3,50,9,419
2021,11,09,3,50,27,355
2021,11,09,3,50,45,261
2021,11,09,3,51,3,819
2021,11,09,3,51,21,99
2021,11,09,3,51,39,35
2021,11,09,3,51,56,942
2021,11,09,3,52,15,503
2021,11,09,3,52,33,419
2021,11,09,3,52,51,339
2021,11,09,3,53,9,259
2021,11,09,3,53,27,178
2021,11,09,3,53,45,99
2021,11,09,3,54,3,19
2021,11,09,3,54,21,579
2021,11,09,3,54,39,503
2021,11,09,3,54,57,419
2021,11,09,3,55,15,342
2021,11,09,3,55,33,258
2021,11,09,3,55,51,182
2021,11,09,3,56,9,102
2021,11,09,3,56,27,661
2021,11,09,3,56,45,595
2021,11,09,3,57,5,419
2021,11,09,3,57,25,259
2021,11,09,3,57,45,739
2021,11,09,3,58,5,583
2021,11,09,3,58,25,419
2021,11,09,3,58,45,261
2021,11,09,3,59,5,740
2021,11,09,3,59,25,583
2021,11,09,3,59,46,59
2021,11,09,4,0,5,275
2021,11,09,4,0,25,755
2021,11,09,4,0,45,579
2021,11,09,4,1,5,419
2021,11,09,4,1,25,259
2021,11,09,4,1,45,739
2021,11,09,4,2,5,579
2021,11,09,4,2,25,419
2021,11,09,4,2,45,899
2021,11,09,4,3,5,739
2021,11,09,4,3,25,595
2021,11,09,4,3,45,435
2021,11,09,4,4,5,915
2021,11,09,4,4,25,739
2021,11,09,4,4,45,581
2021,11,09,4,5,5,419
2021,11,09,4,5,25,907
2021,11,09,4,5,45,739
2021,11,09,4,6,5,579
2021,11,09,4,6,26,59
2021,11,09,4,6,45,899
2021,11,09,4,7,6,382
2021,11,09,4,7,25,594
2021,11,09,4,7,46,78
2021,11,09,4,8,5,899
2021,11,09,4,8,25,739
2021,11,09,4,8,45,579
2021,11,09,4,9,6,61
2021,11,09,4,9,25,899
2021,11,09,4,9,45,743
2021,11,09,4,10,6,219
2021,11,09,4,10,26,59
2021,11,09,4,10,46,539
2021,11,09,4,11,5,755
2021,11,09,4,11,26,235
2021,11,09,4,11,46,62
2021,11,09,4,12,5,899
2021,11,09,4,12,25,742
2021,11,09,4,12,46,218
2021,11,09,4,13,6,61
2021,11,09,4,13,25,903
2021,11,09,4,13,45,742
2021,11,09,4,14,6,222
2021,11,09,4,14,26,699
2021,11,09,4,14,45,914
2021,11,09,4,15,6,394
2021,11,09,4,15,26,222
2021,11,09,4,15,46,62
2021,11,09,4,16,5,903
2021,11,09,4,16,26,380
2021,11,09,4,16,46,219
2021,11,09,4,17,6,61
2021,11,09,4,17,25,903
2021,11,09,4,17,46,379
2021,11,09,4,18,6,862
2021,11,09,4,18,26,75
2021,11,09,4,18,46,555
2021,11,09,4,19,6,379
2021,11,09,4,19,26,222
2021,11,09,4,19,46,61
2021,11,09,4,20,6,540
2021,11,09,4,20,26,380
2021,11,09,4,20,46,222
2021,11,09,4,21,6,61
2021,11,09,4,21,26,539
2021,11,09,4,21,47,23
2021,11,09,4,22,6,235
2021,11,09,4,22,26,715
2021,11,09,4,22,46,539
2021,11,09,4,23,6,380
2021,11,09,4,23,26,219
2021,11,09,4,23,46,699
2021,11,09,4,24,6,539
2021,11,09,4,24,26,381
2021,11,09,4,24,46,219
2021,11,09,4,25,6,699
2021,11,09,4,25,26,555
2021,11,09,4,25,46,395
2021,11,09,4,26,6,219
2021,11,09,4,26,26,699
2021,11,09,4,26,46,541
2021,11,09,4,27,6,379
2021,11,09,4,27,26,859
2021,11,09,4,27,46,699
2021,11,09,4,28,6,540
2021,11,09,4,28,26,382
2021,11,09,4,28,46,859
2021,11,09,4,29,6,715
2021,11,09,4,29,26,555
2021,11,09,4,29,46,387
2021,11,09,4,30,6,861
2021,11,09,4,30,26,699
2021,11,09,4,30,46,543
2021,11,09,4,31,7,19
2021,11,09,4,31,26,862
2021,11,09,4,31,46,699
2021,11,09,4,32,6,540
2021,11,09,4,32,27,19
2021,11,09,4,32,46,875
2021,11,09,4,33,6,715
2021,11,09,4,33,26,539
2021,11,09,4,33,47,19
2021,11,09,4,34,6,859
2021,11,09,4,34,26,701
2021,11,09,4,34,47,179
2021,11,09,4,35,7,23
2021,11,09,4,35,26,859
2021,11,09,4,35,46,698
2021,11,09,4,36,7,179
2021,11,09,4,36,27,662
2021,11,09,4,36,46,875
2021,11,09,4,37,6,699
2021,11,09,4,37,27,179
2021,11,09,4,37,47,23
2021,11,09,4,38,6,859
2021,11,09,4,38,27,342
2021,11,09,4,38,47,182
2021,11,09,4,39,7,19
2021,11,09,4,39,26,859
2021,11,09,4,39,47,343
2021,11,09,4,40,7,195
2021,11,09,4,40,27,43
2021,11,09,4,40,46,859
2021,11,09,4,41,7,343
2021,11,09,4,41,27,183
2021,11,09,4,41,47,24
2021,11,09,4,42,6,861
2021,11,09,4,42,27,343
2021,11,09,4,42,47,187
2021,11,09,4,43,7,22
2021,11,09,4,43,27,501
2021,11,09,4,43,47,979
2021,11,09,4,44,7,195
2021,11,09,4,44,27,23
2021,11,09,4,44,47,503
2021,11,09,4,45,7,339
2021,11,09,4,45,27,179
2021,11,09,4,45,47,22
2021,11,09,4,46,7,502
2021,11,09,4,46,27,343
2021,11,09,4,46,47,179
2021,11,09,4,47,7,661
2021,11,09,4,47,27,515
2021,11,09,4,47,47,355
2021,11,09,4,48,7,183
2021,11,09,4,48,27,659
2021,11,09,4,49,7,340
2021,11,09,4,49,27,182
2021,11,09,4,49,47,661
2021,11,09,4,50,7,500
2021,11,09,4,50,27,343
2021,11,09,4,50,47,822
2021,11,09,4,51,8,303
2021,11,09,4,51,27,515
2021,11,09,4,51,47,343
2021,11,09,4,52,7,822
2021,11,09,4,52,27,659
2021,11,09,4,52,47,503
2021,11,09,4,53,7,343
2021,11,09,4,53,27,819
2021,11,09,4,53,47,660
2021,11,09,4,54,8,782
2021,11,09,4,54,27,355
2021,11,09,4,54,48,459
2021,11,09,4,55,7,675
2021,11,09,4,55,27,503
2021,11,09,4,55,47,983
2021,11,09,4,56,7,819
2021,11,09,4,56,27,661
2021,11,09,4,56,47,502
2021,11,09,4,57,14,807
2021,11,09,4,57,31,674
2021,11,09,4,57,54,59
2021,11,09,4,58,15,819
2021,11,09,4,58,44,502
2021,11,09,4,58,59,983
2021,11,09,4,59,21,739
2021,11,09,4,59,43,499
2021,11,09,5,0,5,899
2021,11,09,5,0,27,661
2021,11,09,5,0,55,119
2021,11,09,5,1,12,458
2021,11,09,5,1,33,582
2021,11,09,5,2,2,319
2021,11,09,5,2,17,754
2021,11,09,5,2,40,139
2021,11,09,5,3,1,902
2021,11,09,5,3,23,659
2021,11,09,5,3,46,59
2021,11,09,5,4,7,835
2021,11,09,5,4,30,219
2021,11,09,5,4,52,619
2021,11,09,5,5,13,740
2021,11,09,5,5,36,139
2021,11,09,5,5,57,915
2021,11,09,5,6,26,639
2021,11,09,5,6,42,59
2021,11,09,5,7,3,822
2021,11,09,5,7,26,219
2021,11,09,5,7,53,679
2021,11,09,5,8,10,379
2021,11,09,5,8,32,779
2021,11,09,5,8,53,902
2021,11,09,5,9,16,302
2021,11,09,5,9,38,75
2021,11,09,5,10,0,459
2021,11,09,5,10,22,222
2021,11,09,5,10,43,982
2021,11,09,5,11,6,379
2021,11,09,5,11,28,143
2021,11,09,5,11,58,247
2021,11,09,5,12,12,939
2021,11,09,5,12,34,61
2021,11,09,5,12,56,459
2021,11,09,5,13,18,235
2021,11,09,5,13,46,532
2021,11,09,5,14,2,379
2021,11,09,5,14,29,655
2021,11,09,5,14,46,542
2021,11,09,5,15,8,299
2021,11,09,5,15,30,59
2021,11,09,5,15,53,99
2021,11,09,5,16,14,231
2021,11,09,5,16,36,619
2021,11,09,5,16,58,395
2021,11,09,5,17,20,137
2021,11,09,5,17,42,538
2021,11,09,5,18,4,299
2021,11,09,5,18,33,39
2021,11,09,5,18,48,458
2021,11,09,5,19,10,218
2021,11,09,5,19,38,959
2021,11,09,5,19,54,380
2021,11,09,5,20,22,151
2021,11,09,5,20,38,555
2021,11,09,5,21,0,303
2021,11,09,5,21,27,871
2021,11,09,5,21,44,459
2021,11,09,5,22,6,861
2021,11,09,5,22,28,623
2021,11,09,5,22,55,927
2021,11,09,5,23,13,423
2021,11,09,5,23,34,539
2021,11,09,5,24,3,279
2021,11,09,5,24,18,723
2021,11,09,5,24,40,459
2021,11,09,5,25,2,859
2021,11,09,5,25,24,623
2021,11,09,5,25,47,18
2021,11,09,5,26,8,779
2021,11,09,5,26,30,537
2021,11,09,5,26,58,695
2021,11,09,5,27,14,698
2021,11,09,5,27,36,462
2021,11,09,5,28,5,271
2021,11,09,5,28,20,623
2021,11,09,5,28,43,19
2021,11,09,5,29,12,487
2021,11,09,5,29,26,555
2021,11,09,5,29,48,987
2021,11,09,5,30,10,698
2021,11,09,5,30,39,167
2021,11,09,5,30,54,860
2021,11,09,5,31,16,619
2021,11,09,5,31,39,35
2021,11,09,5,32,0,779
2021,11,09,5,32,27,895
2021,11,09,5,32,44,939
2021,11,09,5,33,7,340
2021,11,09,5,33,29,102
2021,11,09,5,33,56,679
2021,11,09,5,34,13,902
2021,11,09,5,34,35,22
2021,11,09,5,35,3,118
2021,11,09,5,35,19,194
2021,11,09,5,35,40,942
2021,11,09,5,36,3,339
2021,11,09,5,36,25,99
2021,11,09,5,36,46,875
2021,11,09,5,37,14,959
2021,11,09,5,37,31,19
2021,11,09,5,37,55,278
2021,11,09,5,38,15,179
2021,11,09,5,38,36,939
2021,11,09,5,38,59,355
2021,11,09,5,39,21,99
2021,11,09,5,39,42,861
2021,11,09,5,40,10,691
2021,11,09,5,40,27,659
2021,11,09,5,40,49,419
2021,11,09,5,41,11,179
2021,11,09,5,41,32,955
2021,11,09,5,41,55,342
2021,11,09,5,42,17,99
2021,11,09,5,42,46,455
2021,11,09,5,43,1,259
2021,11,09,5,43,23,18
2021,11,09,5,43,50,215
2021,11,09,5,44,7,195
2021,11,09,5,44,29,579
2021,11,09,5,44,51,339
2021,11,09,5,45,19,511
2021,11,09,5,45,35,502
2021,11,09,5,45,57,259
2021,11,09,5,46,19,675
2021,11,09,5,46,41,419
2021,11,09,5,47,3,179
2021,11,09,5,47,31,431
2021,11,09,5,47,47,979
2021,11,09,5,48,9,739
2021,11,09,5,48,31,499
2021,11,09,5,49,0,638
2021,11,09,5,49,15,659
2021,11,09,5,49,38,62
2021,11,09,5,49,59,835
2021,11,09,5,50,21,579
2021,11,09,5,50,43,339
2021,11,09,5,51,5,739
2021,11,09,5,51,28,772
2021,11,09,5,51,49,899
2021,11,09,5,52,11,658
2021,11,09,5,52,33,439
2021,11,09,5,53,2,158
2021,11,09,5,53,17,579
2021,11,09,5,53,45,39
2021,11,09,5,54,1,739
2021,11,09,5,54,23,499
2021,11,09,5,54,47,815
2021,11,09,5,55,8,299
2021,11,09,5,55,29,419
2021,11,09,5,55,51,819
2021,11,09,5,56,13,595
2021,11,09,5,56,35,979
2021,11,09,5,57,0,951
2021,11,09,5,57,25,199
2021,11,09,5,57,53,359
2021,11,09,5,58,12,619
2021,11,09,5,58,41,223
2021,11,09,5,58,59,979
2021,11,09,5,59,30,11
2021,11,09,5,59,47,979
2021,11,09,6,0,12,879
2021,11,09,6,0,43,46
2021,11,09,6,0,59,659
2021,11,09,6,1,30,959
2021,11,09,6,1,47,659
2021,11,09,6,2,14,479
2021,11,09,6,2,35,659
2021,11,09,6,3,6,391
2021,11,09,6,3,23,675
2021,11,09,6,3,49,197
2021,11,09,6,4,17,823
2021,11,09,6,4,35,995
2021,11,09,6,5,1,207
2021,11,09,6,5,29,678
2021,11,09,6,5,48,299
2021,11,09,6,6,12,643
2021,11,09,6,6,37,519
2021,11,09,6,7,6,320
2021,11,09,6,7,24,315
2021,11,09,6,7,49,991
2021,11,09,6,8,19,435
2021,11,09,6,8,35,995
2021,11,09,6,9,7,279
2021,11,09,6,9,23,979
2021,11,09,6,9,49,516
2021,11,09,6,10,18,485
2021,11,09,6,10,36,299
2021,11,09,6,11,0,807
2021,11,09,6,11,25,182
2021,11,09,6,11,47,979
2021,11,09,6,12,18,730
2021,11,09,6,12,35,979
2021,11,09,6,13,0,951
2021,11,09,6,13,25,895
2021,11,09,6,13,53,687
2021,11,09,6,14,12,619
2021,11,09,6,14,44,711
2021,11,09,6,15,0,635
2021,11,09,6,15,31,47
2021,11,09,6,15,48,622
2021,11,09,6,16,14,159
2021,11,09,6,16,42,516
2021,11,09,6,17,0,299
2021,11,09,6,17,25,79
2021,11,09,6,17,48,711
2021,11,09,6,18,13,871
2021,11,09,6,18,43,223
2021,11,09,6,19,0,635
2021,11,09,6,19,29,999
2021,11,09,6,19,48,620
2021,11,09,6,20,18,407
2021,11,09,6,20,36,619
2021,11,09,6,21,0,975
2021,11,09,6,21,26,565
2021,11,09,6,21,48,299
2021,11,09,6,22,19,175
2021,11,09,6,22,36,315
2021,11,09,6,23,6,319
2021,11,09,6,23,24,311
2021,11,09,6,23,48,951
2021,11,09,6,24,13,204
2021,11,09,6,24,37,855
2021,11,09,6,25,6,639
2021,11,09,6,25,24,635
2021,11,09,6,25,50,159
2021,11,09,6,26,18,319
2021,11,09,6,26,36,955
2021,11,09,6,27,1,672
2021,11,09,6,27,26,159
2021,11,09,6,27,53,831
2021,11,09,6,28,12,939
2021,11,09,6,28,37,838
2021,11,09,6,29,7,279
2021,11,09,6,29,24,619
2021,11,09,6,29,54,639
2021,11,09,6,30,12,619
2021,11,09,6,30,37,444
2021,11,09,6,31,1,271
2021,11,09,6,31,30,639
2021,11,09,6,31,48,635
2021,11,09,6,32,14,159
2021,11,09,6,32,42,612
2021,11,09,6,33,0,952
2021,11,09,6,33,27,61
2021,11,09,6,33,55,927
2021,11,09,6,34,12,635
2021,11,09,6,34,43,427
2021,11,09,6,35,1,261
2021,11,09,6,35,30,167
2021,11,09,6,35,49,275
2021,11,09,6,36,17,975
2021,11,09,6,36,37,259
2021,11,09,6,37,6,325
2021,11,09,6,37,25,259
2021,11,09,6,37,55,279
2021,11,09,6,38,13,275
2021,11,09,6,38,37,479
2021,11,09,6,39,1,751
2021,11,09,6,39,25,351
2021,11,09,6,39,56,298
2021,11,09,6,40,12,942
2021,11,09,6,40,42,319
2021,11,09,6,41,0,991
2021,11,09,6,41,30,107
2021,11,09,6,41,48,939
2021,11,09,6,42,18,471
2021,11,09,6,42,36,939
2021,11,09,6,43,6,959
2021,11,09,6,43,25,595
2021,11,09,6,43,50,479
2021,11,09,6,44,18,695
2021,11,09,6,44,37,899
2021,11,09,6,45,7,279
2021,11,09,6,45,25,259
2021,11,09,6,45,54,199
2021,11,09,6,46,13,259
2021,11,09,6,46,41,959
2021,11,09,6,47,1,258
2021,11,09,6,47,25,959
2021,11,09,6,47,49,261
2021,11,09,6,48,13,879
2021,11,09,6,48,38,479
2021,11,09,6,49,6,827
2021,11,09,6,49,25,259
2021,11,09,6,49,56,7
2021,11,09,6,50,13,259
2021,11,09,6,50,38,539
2021,11,09,6,51,3,119
2021,11,09,6,51,31,919
2021,11,09,6,51,49,259
2021,11,09,6,52,18,639
2021,11,09,6,52,37,259
2021,11,09,6,53,2,583
2021,11,09,6,53,27,119
2021,11,09,6,53,54,85
2021,11,09,6,54,14,539
2021,11,09,6,54,45,197
2021,11,09,6,55,1,913
2021,11,09,6,55,33,261
2021,11,09,6,55,49,899
2021,11,09,6,56,20,558
2021,11,09,6,56,37,899
2021,11,09,6,57,6,86
2021,11,09,6,57,37,127
2021,11,09,6,57,55,994
2021,11,09,6,58,21,803
2021,11,09,6,58,49,38
2021,11,09,6,59,15,275
2021,11,09,6,59,40,731
2021,11,09,7,0,6,359
2021,11,09,7,0,33,131
2021,11,09,7,0,58,959
2021,11,09,7,1,25,199
2021,11,09,7,1,50,102
2021,11,09,7,2,17,780
2021,11,09,7,2,49,679
2021,11,09,7,3,7,675
2021,11,09,7,3,35,759
2021,11,09,7,4,1,359
2021,11,09,7,4,26,699
2021,11,09,7,4,53,198
2021,11,09,7,5,18,486
2021,11,09,7,5,45,39
2021,11,09,7,6,10,711
2021,11,09,7,6,36,823
2021,11,09,7,7,3,119
2021,11,09,7,7,30,87
2021,11,09,7,8,2,55
2021,11,09,7,8,19,995
2021,11,09,7,8,47,162
2021,11,09,7,9,13,431
2021,11,09,7,9,38,710
2021,11,09,7,10,4,743
2021,11,09,7,10,31,113
2021,11,09,7,10,56,399
2021,11,09,7,11,23,431
2021,11,09,7,11,55,599
2021,11,09,7,12,14,218
2021,11,09,7,12,41,679
2021,11,09,7,13,7,427
2021,11,09,7,13,32,967
2021,11,09,7,13,59,118
2021,11,09,7,14,25,359
2021,11,09,7,14,51,386
2021,11,09,7,15,16,859
2021,11,09,7,15,43,438
2021,11,09,7,16,9,675
2021,11,09,7,16,34,275
2021,11,09,7,17,1,307
2021,11,09,7,17,27,759
2021,11,09,7,17,54,657
2021,11,09,7,18,19,47
2021,11,09,7,18,45,839
2021,11,09,7,19,10,971
2021,11,09,7,19,37,31
2021,11,09,7,20,2,871
2021,11,09,7,20,29,339
2021,11,09,7,20,55,759
2021,11,09,7,21,20,231
2021,11,09,7,21,47,599
2021,11,09,7,22,13,343
2021,11,09,7,22,39,527
2021,11,09,7,23,5,499
2021,11,09,7,23,37,751
2021,11,09,7,23,56,299
2021,11,09,7,24,23,687
2021,11,09,7,24,55,655
2021,11,09,7,25,15,19
2021,11,09,7,25,40,967
2021,11,09,7,26,7,861
2021,11,09,7,26,40,483
2021,11,09,7,26,58,699
2021,11,09,7,27,25,521
2021,11,09,7,27,51,815
2021,11,09,7,28,17,999
2021,11,09,7,28,43,747
2021,11,09,7,29,9,61
2021,11,09,7,29,36,79
2021,11,09,7,30,0,996
2021,11,09,7,30,27,435
2021,11,09,7,30,54,158
2021,11,09,7,31,19,188
2021,11,09,7,31,46,55
2021,11,09,7,32,11,483
2021,11,09,7,32,37,836
2021,11,09,7,33,4,79
2021,11,09,7,33,29,767
2021,11,09,7,33,55,430
2021,11,09,7,34,22,158
2021,11,09,7,34,47,555
2021,11,09,7,35,12,838
2021,11,09,7,35,41,519
2021,11,09,7,36,5,351
2021,11,09,7,36,31,188
2021,11,09,7,36,58,319
2021,11,09,7,37,23,95
2021,11,09,7,37,49,319
2021,11,09,7,38,16,483
2021,11,09,7,38,47,846
2021,11,09,7,39,7,19
2021,11,09,7,39,34,478
2021,11,09,7,40,1,359
2021,11,09,7,40,26,319
2021,11,09,7,40,50,966
2021,11,09,7,41,16,995
2021,11,09,7,41,45,39
2021,11,09,7,42,9,431
2021,11,09,7,42,36,239
2021,11,09,7,43,2,479
2021,11,09,7,43,29,459
2021,11,09,7,44,0,718
2021,11,09,7,44,19,339
2021,11,09,7,44,45,446
2021,11,09,7,45,11,883
2021,11,09,7,45,38,551
2021,11,09,7,46,11,287
2021,11,09,7,46,29,275
2021,11,09,7,46,56,78
2021,11,09,7,47,21,362
2021,11,09,7,47,48,558
2021,11,09,7,48,13,783
2021,11,09,7,48,40,398
2021,11,09,7,49,6,82
2021,11,09,7,49,32,11
2021,11,09,7,49,58,478
2021,11,09,7,50,24,719
2021,11,09,7,50,50,315
2021,11,09,7,51,15,479
2021,11,09,7,51,42,391
2021,11,09,7,52,8,399
2021,11,09,7,52,34,68
2021,11,09,7,53,0,311
2021,11,09,7,53,26,479
2021,11,09,7,53,52,806
2021,11,09,7,54,17,554
2021,11,09,7,54,44,135
2021,11,09,7,55,10,795
2021,11,09,7,55,35,831
2021,11,09,7,56,2,639
2021,11,09,7,56,28,325
2021,11,09,7,56,56,399
2021,11,09,7,57,24,559
2021,11,09,7,57,52,151
2021,11,09,7,58,20,879
2021,11,09,7,58,50,404
2021,11,09,7,59,17,287
2021,11,09,7,59,44,715
2021,11,09,8,0,12,679
2021,11,09,8,0,40,471
2021,11,09,8,1,7,991
2021,11,09,8,1,36,715
2021,11,09,8,2,3,879
2021,11,09,8,2,32,703
2021,11,09,8,2,59,411
2021,11,09,8,3,28,199
2021,11,09,8,3,57,603
2021,11,09,8,4,24,487
2021,11,09,8,4,53,255
2021,11,09,8,5,20,166
2021,11,09,8,5,48,879
2021,11,09,8,6,16,811
2021,11,09,8,6,44,715
2021,11,09,8,7,11,599
2021,11,09,8,7,40,727
2021,11,09,8,8,9,39
2021,11,09,8,8,36,631
2021,11,09,8,9,5,508
2021,11,09,8,9,32,879
2021,11,09,8,10,0,210
2021,11,09,8,10,29,155
2021,11,09,8,10,57,355
2021,11,09,8,11,24,197
2021,11,09,8,11,53,39
2021,11,09,8,12,21,195
2021,11,09,8,12,49,359
2021,11,09,8,13,16,519
2021,11,09,8,13,44,714
2021,11,09,8,14,13,347
2021,11,09,8,14,40,534
2021,11,09,8,15,9,515
2021,11,09,8,15,36,471
2021,11,09,8,16,5,195
2021,11,09,8,16,33,311
2021,11,09,8,17,1,518
2021,11,09,8,17,29,111
2021,11,09,8,17,57,196
2021,11,09,8,18,24,807
2021,11,09,8,18,53,115
2021,11,09,8,19,21,121
2021,11,09,8,19,48,839
2021,11,09,8,20,17,358
2021,11,09,8,20,44,615
2021,11,09,8,21,13,39
2021,11,09,8,21,40,261
2021,11,09,8,22,9,359
2021,11,09,8,22,36,551
2021,11,09,8,23,5,123
2021,11,09,8,23,32,779
2021,11,09,8,24,0,790
2021,11,09,8,24,29,603
2021,11,09,8,24,57,451
2021,11,09,8,25,25,199
2021,11,09,8,25,52,245
2021,11,09,8,25,54,526
2021,11,09,8,26,21,519
2021,11,09,8,26,49,675
2021,11,09,8,27,17,895
2021,11,09,8,27,44,793
2021,11,09,8,27,47,166
2021,11,09,8,28,12,678
2021,11,09,8,28,41,679
2021,11,09,8,29,8,927
2021,11,09,8,29,38,727
2021,11,09,8,30,6,215
2021,11,09,8,30,33,446
2021,11,09,8,31,1,839
2021,11,09,8,31,28,551
2021,11,09,8,31,56,503
2021,11,09,8,32,25,349
2021,11,09,8,32,53,155
2021,11,09,8,33,21,23
2021,11,09,8,33,49,518
2021,11,09,8,34,17,675
2021,11,09,8,34,45,924
2021,11,09,8,35,13,995
2021,11,09,8,35,41,131
2021,11,09,8,36,8,567
2021,11,09,8,36,36,997
2021,11,09,8,37,6,233
2021,11,09,8,37,33,379
2021,11,09,8,38,0,935
2021,11,09,8,38,29,839
2021,11,09,8,38,57,999
2021,11,09,8,39,25,511
2021,11,09,8,39,55,58
2021,11,09,8,40,21,271
2021,11,09,8,40,49,431
2021,11,09,8,41,18,159
2021,11,09,8,41,45,155
2021,11,09,8,42,13,838
2021,11,09,8,42,41,511
2021,11,09,8,43,10,75
2021,11,09,8,43,38,314
2021,11,09,8,44,5,559
2021,11,09,8,44,33,999
2021,11,09,8,45,2,275
2021,11,09,8,45,30,316
2021,11,09,8,45,57,719
2021,11,09,8,46,25,611
2021,11,09,8,46,54,198
2021,11,09,8,47,22,319
2021,11,09,8,47,50,479
2021,11,09,8,48,17,999
2021,11,09,8,48,46,157
2021,11,09,8,49,14,86
2021,11,09,8,49,16,94
2021,11,09,8,49,42,475
2021,11,09,8,50,10,723
2021,11,09,8,50,38,798
2021,11,09,8,51,5,829
2021,11,09,8,51,33,783
2021,11,09,8,52,1,731
2021,11,09,8,52,29,591
2021,11,09,8,52,58,490
2021,11,09,8,53,25,431
2021,11,09,8,53,53,475
2021,11,09,8,54,22,156
2021,11,09,8,54,49,399
2021,11,09,8,55,17,926
2021,11,09,8,55,45,559
2021,11,09,8,56,14,157
2021,11,09,8,56,43,879
2021,11,09,8,57,14,316
2021,11,09,8,57,43,395
2021,11,09,8,58,14,299
2021,11,09,8,58,44,557
2021,11,09,8,59,14,637
2021,11,09,8,59,43,671
2021,11,09,9,0,14,603
2021,11,09,9,0,43,745
2021,11,09,9,1,13,767
2021,11,09,9,1,43,478
2021,11,09,9,2,14,259
2021,11,09,9,2,43,763
2021,11,09,9,3,13,751
2021,11,09,9,3,44,714
2021,11,09,9,4,14,391
2021,11,09,9,4,45,131
2021,11,09,9,5,14,316
2021,11,09,9,5,44,394
2021,11,09,9,6,14,567
2021,11,09,9,6,43,991
2021,11,09,9,7,14,639
2021,11,09,9,7,45,95
2021,11,09,9,8,14,871
2021,11,09,9,8,45,519
2021,11,09,9,9,14,391
2021,11,09,9,9,44,398
2021,11,09,9,10,13,911
2021,11,09,9,10,44,571
2021,11,09,9,11,13,843
2021,11,09,9,11,45,443
2021,11,09,9,12,15,439
2021,11,09,9,12,43,939
2021,11,09,9,13,15,15
2021,11,09,9,13,45,38
2021,11,09,9,14,14,549
2021,11,09,9,14,45,198
2021,11,09,9,15,14,343
2021,11,09,9,15,44,731
2021,11,09,9,16,13,729
2021,11,09,9,16,44,731
2021,11,09,9,17,16,471
2021,11,09,9,17,44,759
2021,11,09,9,18,15,118
2021,11,09,9,18,45,300
2021,11,09,9,19,14,275
2021,11,09,9,19,43,830
2021,11,09,9,20,14,444
2021,11,09,9,20,44,887
2021,11,09,9,21,14,958
2021,11,09,9,21,44,931
2021,11,09,9,22,15,815
2021,11,09,9,22,45,923
2021,11,09,9,23,14,883
2021,11,09,9,23,44,710
2021,11,09,9,23,46,910
2021,11,09,9,24,14,66
2021,11,09,9,24,44,876
2021,11,09,9,25,13,923
2021,11,09,9,25,44,822
2021,11,09,9,26,15,461
2021,11,09,9,26,45,895
2021,11,09,9,27,15,275
2021,11,09,9,27,45,358
2021,11,09,9,28,15,523
2021,11,09,9,28,45,519
2021,11,09,9,29,14,956
2021,11,09,9,29,44,838
2021,11,09,9,30,14,43
2021,11,09,9,30,45,607
2021,11,09,9,31,15,275
2021,11,09,9,31,44,451
2021,11,09,9,32,15,259
2021,11,09,9,32,45,574
2021,11,09,9,33,16,238
2021,11,09,9,33,47,46
2021,11,09,9,34,14,481
2021,11,09,9,34,45,271
2021,11,09,9,35,14,987
2021,11,09,9,35,44,903
2021,11,09,9,36,15,435
2021,11,09,9,36,44,482
2021,11,09,9,37,14,966
2021,11,09,9,37,46,391
2021,11,09,9,38,15,106
2021,11,09,9,38,45,895
2021,11,09,9,39,16,3
2021,11,09,9,39,44,923
2021,11,09,9,40,15,351
2021,11,09,9,40,44,566
2021,11,09,9,41,14,972
2021,11,09,9,41,45,275
2021,11,09,9,42,15,591
2021,11,09,9,42,45,843
2021,11,09,9,43,15,335
2021,11,09,9,43,45,78
2021,11,09,9,44,14,325
2021,11,09,9,44,46,259
2021,11,09,9,45,15,595
2021,11,09,9,45,45,494
2021,11,09,9,46,15,379
2021,11,09,9,46,45,159
2021,11,09,9,47,15,107
2021,11,09,9,47,45,683
2021,11,09,9,48,15,442
2021,11,09,9,48,44,583
2021,11,09,9,49,15,318
2021,11,09,9,49,44,883
2021,11,09,9,50,15,843
2021,11,09,9,50,45,846
2021,11,09,9,51,15,990
2021,11,09,9,51,45,739
2021,11,09,9,52,15,142
2021,11,09,9,52,45,518
2021,11,09,9,53,15,593
2021,11,09,9,53,45,122
2021,11,09,9,54,15,756
2021,11,09,9,54,45,141
2021,11,09,9,55,15,975
2021,11,09,9,55,45,539
