2122
2721
2712
2721
2717
2691
2703
2693
2668
2660
2671
2647
2703
2698
2692
2686
2678
2672
2665
2659
2637
2632
2624
2714
3089
3083
3072
3066
3059
3052
3043
3036
3033
3025
3019
3078
3071
3065
3057
3052
3043
3043
3639
3632
3623
3618
1037
1415
1777
2171
2514
2893
2884
2878
2870
2863
2874
2866
2842
2836
2830
2824
852
1210
1586
1978
2322
2698
2692
2684
2676
2652
2660
2638
2630
2625
2619
2613
2701
3076
3070
3062
3056
3049
3040
3033
3025
3019
3011
3002
3059
3052
3044
3020
3014
3005
2999
2993
2987
2981
2974
2965
2959
2954
2931
2926
2937
2933
2925
2905
2913
2910
2903
2898
2891
2868
2878
840
1201
1580
1958
2321
2697
2690
2685
2663
2658
2666
2658
2653
2631
2626
2621
2712
3088
3080
3073
3065
3058
3052
3047
3042
3034
3029
3021
3080
3072
3066
3044
3037
3045
3040
3035
3029
3008
3016
2992
2986
2978
2973
2965
2958
2950
2945
2937
2930
2938
2930
2909
2901
2893
2885
831
1207
1585
1963
2323
2701
2693
2670
2664
2658
2650
2645
2637
2629
2605
2614
2704
3080
3073
3066
3058
3049
3041
3036
3027
3020
2995
3004
3061
3054
3048
3024
3016
3026
3021
3015
2993
2985
2978
2971
2964
2956
2949
2946
2937
2934
2925
2917
2910
2918
2910
2889
2880
2876
2869
2876
2852
2833
2837
2828
2818
2809
2798
2789
2765
2772
2843
3218
3209
3199
3192
3182
3173
3163
3157
3148
3141
3132
3125
3116
3091
3084
3077
3084
3077
3069
3044
3037
3026
3020
3013
3004
2995
2987
931
1307
1682
2057
2416
2793
2800
2777
2770
2762
2752
2760
2751
2745
2736
2728
721
1098
1473
1849
2210
2586
2961
2954
2948
2923
2915
2908
3142
3131
3122
3115
3107
3098
3090
3083
3076
3070
3062
3054
3046
3023
3015
3009
3016
3011
2986
2978
2971
2965
2959
2950
2942
2933
2927
874
1250
1626
2002
2361
2737
2731
2725
2702
2696
2690
2714
2708
2701
2693
2687
698
3138
3131
3122
3101
3093
3100
3078
3072
3065
3060
3051
3109
3102
3094
3087
3079
3071
3065
3057
3049
3040
3035
3026
3020
3000
2995
2989
3001
2996
2974
2970
2962
2957
2953
2948
2942
2935
2930
879
1255
1634
2014
2376
2755
2751
2744
2721
2713
2722
2701
2712
2704
2683
2692
2684
2663
2657
2649
2644
2653
2951
2945
2937
2913
2904
2899
3134
3129
3121
3116
3108
3103
3098
3090
3084
3077
3069
3061
3054
3031
3023
3017
3027
3021
2999
2994
2986
2979
2971
2964
2958
2950
2944
892
1267
1643
2035
2381
2757
2749
2741
2720
2712
2722
2700
2711
2705
2684
2692
2684
2658
2652
2643
2635
2627
2942
2935
2911
2906
2900
2894
3129
3121
3113
3105
3099
3093
3085
3078
3072
3066
3060
3135
3113
3108
3100
3095
3089
3081
3075
3070
3048
3059
3051
3027
3020
3012
3004
904
1266
1641
2034
2392
2752
2744
2738
2716
2709
2701
2695
2689
2682
2674
2685
2677
2653
2648
2642
2636
2644
2940
2934
2925
2918
2912
2904
3121
3114
3108
3100
3096
3088
3081
3075
3067
3059
3054
3045
3023
3016
3009
3000
3011
3004
2983
2977
2971
2965
2956
2950
2943
2918
2929
892
1267
1628
2023
2384
2746
2756
2734
2728
2722
2716
2708
2703
2694
2689
2682
2674
2652
2646
2640
2635
2643
2939
2933
2927
2922
2916
2910
3128
3121
3116
3108
3102
3096
3090
3084
3076
3069
3063
3055
3049
3026
3018
3012
3023
3016
2993
2987
2975
2967
2959
2953
2945
2937
2929
891
1266
1642
2022
2381
2756
2749
2741
2733
2725
2717
2712
2704
2698
2692
2687
704
3135
3129
3123
3119
3113
3104
3097
3093
3087
3065
3074
3114
3109
3102
3095
3089
3084
3079
3074
3066
3061
3053
3048
3041
3018
3012
3005
3013
3006
2982
2975
2967
2962
2956
2951
2945
2940
2935
898
1274
1649
2028
2391
2753
2745
2737
2731
2708
2703
2697
2692
2686
2678
2689
2684
2676
2669
2660
2655
2649
2946
2938
2930
2925
2919
2913
3148
3142
3119
3112
3103
3115
3109
3102
3077
3071
3062
3057
3051
3045
3037
3029
3023
3015
3009
3004
2996
2988
2983
2977
2955
2947
2942
904
1282
1649
2034
2394
2773
2765
2743
2735
2726
2737
2730
2724
2700
2695
2687
2695
2689
2665
2659
2654
2664
2944
2937
2930
2925
2917
2909
3143
3136
3129
3107
3102
3112
3105
3100
3075
3065
3072
3046
3036
3029
3022
3012
3003
2994
2985
2975
2967
2959
2950
2943
2920
2911
2905
880
1243
1616
1993
2354
2729
2721
2699
2690
2684
2678
2670
2661
2654
2646
2637
2725
3118
3116
3103
3097
3090
3082
3073
3067
3060
3054
3048
3087
3081
3074
3050
3042
3049
3043
3034
3028
3004
3013
3007
2983
2976
2966
2958
2949
2942
2933
2927
2921
2912
2907
2900
2892
2869
2878
826
1201
1578
1955
2315
2693
2686
2678
2656
2647
2657
2652
3249
3243
3219
3208
3203
3213
3205
3197
3172
3164
3158
3150
3141
3133
3127
3121
3113
3108
3099
3093
3085
3076
3070
3062
3038
3034
3024
1003
1362
1739
2113
2473
2850
2843
2834
2827
2821
2815
2807
2800
2778
2770
2763
2756
2752
2745
2738
2717
2729
2723
2703
2698
2691
2684
2852
3231
3224
3217
3196
3191
3186
3197
3189
3182
3159
3170
3164
3141
3133
3126
3119
3113
3106
3101
3094
3086
3079
3072
3065
3057
3033
3042
1007
1382
1744
2138
2497
2857
2850
2842
2835
2830
2838
2831
2807
2800
2794
2788
2783
2777
2771
2750
2758
2752
2730
2725
2717
2711
2704
2698
2690
2682
2660
2652
2679
3072
3048
3056
3052
3026
3036
3032
3008
3002
2994
2989
3045
3038
3033
3025
3019
3013
3007
3001
2994
2989
2983
2975
2967
2943
2935
2930
2939
2934
2926
2904
2898
2891
2883
2874
2866
2858
2850
814
1190
1566
1943
2304
2681
2674
2667
2644
2636
2646
2637
3222
3230
3208
3202
3194
3184
3176
3164
3154
3146
3137
3130
3105
3091
3081
3075
3083
3380
3371
3363
3358
3348
1150
1525
1886
2263
2640
2616
2609
2603
2596
2588
2821
2798
2792
2783
2777
2785
2777
2752
2743
2735
2728
2721
2714
2706
2697
2691
2684
2678
2670
2661
2653
2646
2798
3175
3166
3142
3135
3130
3140
3131
3123
3115
3106
3098
3090
3084
3078
3054
3048
3058
3050
3042
3018
3010
3003
2995
2989
2980
2973
2965
914
1290
1668
2045
2405
2778
2770
2746
2738
2732
2727
2720
2713
2707
2685
2694
2688
2682
2658
2651
2642
2649
2963
2958
2934
2926
2917
2909
3143
3137
3131
3109
3119
3111
3104
3096
3092
3082
3076
3068
3045
3037
3030
3023
3017
3010
3005
2997
2989
2980
2972
2968
2963
2942
2953
900
1277
1656
2035
2397
2776
2758
2762
2739
2731
2725
2717
2712
2707
2702
2695
2688
2680
2659
2652
2644
2655
2970
2962
2941
2935
2928
2922
3155
3148
3142
3136
3131
3123
3117
3110
3104
3099
3107
3086
3081
3075
3069
3064
3056
3051
3029
3024
3016
3008
3003
2997
2990
2983
2977
942
1302
1678
2056
2432
2793
2784
2778
2757
2748
2757
2735
2727
2722
2715
2707
2699
2694
2686
2664
2658
2668
2663
2656
2632
2626
2634
2788
3164
3159
3152
3146
3141
3135
3128
3119
3110
3105
3098
3090
3082
3074
3068
3061
3053
3048
3042
3036
3030
3025
3017
3009
2986
2980
2972
935
1311
1671
2066
2429
2790
2784
2778
2771
2765
2759
2754
2748
2742
2721
2731
2722
2704
2696
2691
2687
2678
2671
2665
2658
2636
2630
2799
3177
3169
3164
3156
3149
3141
3136
3130
3125
3118
3110
3104
3099
3091
3085
3080
3074
3066
3057
3052
3045
3040
3036
3556
3548
3542
3533
951
1329
1708
2085
2445
2824
2816
2809
2803
2796
2788
2780
2772
2749
2741
2733
2728
2720
2714
2707
2702
2693
2686
2677
2669
2663
2656
2811
3173
3148
3141
3133
3126
3120
3112
3106
3082
3075
3067
3061
3055
3049
3041
3036
3043
3038
3030
3008
3003
2995
2987
2981
2973
2966
2960
921
1299
1675
2052
2412
2790
2782
2776
2754
2764
2759
2753
2747
2738
2715
2723
2701
2692
2687
2679
2671
2666
2962
2970
2948
2929
2932
2925
3161
3152
3147
3125
3133
3126
3119
3112
3106
3083
3090
3083
3060
3069
3061
3054
3048
3039
3030
3021
3013
3004
2997
2973
2964
2956
2947
894
1267
1643
2021
2380
2755
2748
2742
2719
2713
2704
2701
2695
2686
2679
2671
2663
3134
3126
3117
3111
3104
3096
3091
3067
3058
3068
3062
3120
3113
3103
3099
3074
3067
3059
3055
3046
3041
3033
3026
3020
3015
3007
2999
2992
2985
2978
2972
2950
2943
2954
2929
2923
2915
2909
873
1248
1626
2003
2361
2738
2732
2724
2718
2696
2706
2682
2675
2666
2660
2654
2648
3115
3107
3100
3095
3087
3079
3071
3065
3059
3053
3059
3101
3092
3084
3079
3072
3065
3058
3051
3046
3038
3030
3024
3016
3010
3002
2994
3006
2996
2972
2965
2957
2950
2943
2938
2931
2907
2917
867
1240
1604
1999
2359
2737
2715
2709
2702
2695
2688
2682
2678
2653
2648
2656
2729
3105
3116
3094
3088
3099
3094
3087
3080
3074
3067
3061
3103
3096
3090
3081
3074
3081
3074
3052
3045
3039
3031
3024
3015
3010
2988
2997
3005
2999
2975
2969
2962
2956
2948
2943
2935
2929
2923
870
1248
1607
2001
2377
2738
2715
2707
2700
2691
2683
2676
2668
2647
2639
2631
2623
3111
3105
3083
3091
3083
3077
3071
3065
3059
3053
3047
3106
3084
3076
3070
3064
3075
3068
3047
3039
3035
3025
3018
3010
3004
2996
2991
2999
2990
2985
2977
2971
2962
2958
2950
2926
2918
2910
858
1236
1612
1990
2350
2726
2719
2712
2706
2685
2693
2685
2663
2658
2651
2646
2737
3116
3111
3088
3097
3089
3082
3075
3067
3060
3053
3045
3102
3094
3068
3063
3057
3068
3061
3054
3030
3021
3015
3007
3000
2992
2987
2982
2974
2982
2977
2955
2950
2958
2934
2930
2924
2916
2911
873
1233
1612
1990
2353
2729
2721
2713
2708
2700
2695
2687
2679
2657
2650
2642
2634
3106
3117
3094
3087
3082
3076
3068
3058
3055
3045
3037
3094
3087
3082
3059
3051
3060
3051
3044
3038
3017
3025
3001
2993
2987
2980
2974
2966
2974
2969
2963
2941
2951
2945
2924
2917
2909
2905
866
1244
1604
1996
2358
2718
2710
2704
2699
2693
2688
2682
2674
2667
2643
2651
2645
3117
3112
3104
3098
3075
3069
3079
3073
3052
3044
3053
3094
3104
3081
3074
3068
3076
3068
3062
3036
3029
3035
3013
3004
2997
2990
2981
2972
2963
2957
2964
2941
2932
2925
2919
2912
2905
2896
844
1218
1593
1969
2330
2705
2696
2673
2664
2657
2667
2660
3242
3236
3229
3222
3215
3209
3203
3196
3188
3163
3171
3162
3140
3134
3127
3122
3131
3125
3101
3094
3084
3078
3072
3064
3058
3036
3044
1005
1383
1759
2136
2497
2872
2848
2841
2835
2844
2836
2827
2821
2815
2807
2800
2791
2785
2761
2756
2747
2757
2749
2743
2718
2712
2707
2858
3235
3228
3204
3196
3188
3198
3192
3184
3160
3154
3146
3138
3130
3124
3117
3111
3104
3096
3089
3083
3073
3063
3055
3050
3027
3019
3014
975
1351
1726
2103
2465
2841
2835
2829
2823
2818
2811
2807
2801
2794
2790
2784
2779
2771
2746
2739
2736
2742
2740
2734
2713
2708
2703
2858
3234
3229
3222
3195
3195
3204
3198
3193
3186
3163
3173
3152
3146
3139
3132
3126
3121
3116
3108
3101
3095
3088
3080
3074
3068
3047
3039
1022
1382
1760
2152
2510
2872
2867
2861
2854
2850
2861
2855
2848
2839
2832
2827
2819
2798
2787
2780
2774
2765
2759
2753
2746
2723
2731
2724
3245
3239
3231
3226
3204
3213
3189
3181
3176
3168
3162
3157
3148
3143
3121
3130
3122
3117
3109
3101
3077
3071
3080
3056
3048
3042
3036
1015
1390
1768
2144
2504
2881
2876
2852
2847
2855
2849
2841
2833
2827
2821
2814
2806
2798
2775
2767
2762
2770
2764
2758
2736
2731
2723
2716
3254
3247
3239
3215
3209
3216
3208
3203
3197
3173
3182
3160
3154
3148
3143
3137
3129
3122
3116
3108
3101
3094
3087
3078
3071
3049
3058
1006
1381
1758
2136
2497
2876
2870
2849
2843
2835
2844
2836
2829
2821
2813
2806
2800
2795
2787
2763
2756
2748
2743
2735
2727
2722
2714
2868
3244
3235
3228
3204
3196
3190
3185
3177
3171
3166
3159
3154
3148
3126
3120
3113
3126
3117
3109
3086
3079
3071
3066
3060
3054
3047
3039
1003
1379
1756
2132
2492
2868
2860
2852
2828
2822
2833
2825
2819
2798
2790
2783
2776
2769
2763
2758
2750
2744
2738
2714
2707
2698
2691
2683
3234
3227
3220
3196
3190
3185
3179
3173
3165
3159
3153
3147
3142
3120
3112
3106
3115
3106
3099
3077
3067
3058
3049
3042
3033
3026
3019
981
1355
1732
2109
2468
2843
2834
2812
2803
2794
2788
2795
2789
2782
2775
2768
2759
2753
2744
2720
2727
2720
2714
2705
2683
2677
2687
2822
3199
3195
3189
3164
3174
3167
3160
3154
3148
3125
3133
3127
3103
3097
3089
3082
3075
3084
3060
3054
3043
3037
3029
3020
3015
2990
2999
963
1321
1699
2075
2434
2811
2819
2811
2803
2779
2789
2781
2773
2767
2761
2755
2749
2743
2719
2710
2705
2712
2992
2986
2965
2958
2949
2942
3176
3167
3159
3151
3143
3136
3127
3119
3114
3089
3098
3089
3065
3058
3051
3043
3053
3045
3021
3015
3009
3003
2997
2991
2984
2963
2973
935
1296
1672
2066
2426
2786
2782
2775
2770
2775
2759
2751
2745
2738
2733
2726
2721
2715
2708
2703
2695
2690
2988
2983
2976
2970
2963
2941
3173
3166
3158
3152
3144
3139
3131
3123
3118
3112
3107
3099
3093
3069
3063
3057
3065
3059
3037
3032
3024
3016
3009
3001
2997
2988
2983
946
1321
1682
2076
2436
2811
2804
2783
2777
2771
2763
2758
2750
2744
2736
2729
2723
2715
2709
2703
2698
2690
2683
2674
2669
2661
2656
2808
3184
3160
3153
3146
3138
3130
3124
3118
3113
3107
3101
3093
3085
3064
3058
3052
3060
3053
3047
3025
3018
3010
3003
2994
2987
2978
2972
934
1312
1688
2065
2427
2805
2795
2771
2763
2756
2750
2741
2733
2727
2722
2714
744
1121
1497
1876
2235
2611
2603
2597
2591
2583
2576
2796
3172
3167
3146
3139
3132
3141
3136
3128
3107
3100
3096
3092
3085
3078
3070
3062
3057
3051
3046
3039
3034
3026
3018
3013
2990
2984
2980
943
1320
1698
2076
2437
2816
2809
2785
2778
2773
2766
2760
2755
2747
2740
2749
2741
2733
2712
2704
2698
2705
2700
2692
2670
2666
2657
2809
3185
3179
3172
3146
3144
3153
3144
3139
3117
3113
3122
3098
3094
3086
3078
3074
3064
3056
3051
3042
3034
3029
3023
3015
2993
2984
2981
946
1322
1700
2078
2438
2814
2806
2782
2775
2766
2759
2769
2761
2754
2747
2739
2730
2723
2716
2709
2704
2698
2995
2973
2965
2958
2952
2947
3181
3175
3151
3144
3137
3144
3138
3131
3107
3099
3093
3088
3080
3073
3067
3061
3052
3045
3036
3027
3020
3010
3004
2994
2972
2962
2957
919
1295
1670
2048
2409
2785
2779
2755
2747
2739
2731
2725
2716
2710
2685
2693
2686
2678
2671
2663
2656
2648
2961
2939
2930
2922
2916
2907
3141
3133
3124
3101
3095
3103
3096
3088
3063
3058
3050
3045
3039
3031
3025
3018
3012
3006
3000
2994
2987
2979
2974
2965
2940
2932
2924
887
1264
1642
2018
2377
2752
2746
2741
2732
2727
2718
2711
2703
2695
2689
2683
2677
3151
3143
3137
3129
3105
3112
3108
3087
3078
3089
3083
3123
3116
3093
3086
3081
3089
3083
3077
3056
3049
3042
3036
3027
3016
3009
3003
2995
2987
2979
2973
2967
2959
2953
2947
2923
2915
2907
871
1246
1622
1998
2357
2735
2729
2723
2715
2695
2704
2699
2679
2673
2668
2660
2655
3130
3123
3115
3108
3103
3096
3089
3082
3077
3071
3063
3122
3115
3092
3084
3077
3071
3052
3044
3037
3031
3026
3022
3013
2992
2987
2979
2974
2966
