2021,11,09,22,1,13,739
2021,11,09,22,1,29,738
2021,11,09,22,1,45,739
2021,11,09,22,2,1,751
2021,11,09,22,2,17,755
2021,11,09,22,2,33,739
2021,11,09,22,2,49,739
2021,11,09,22,3,5,738
2021,11,09,22,3,21,739
2021,11,09,22,3,37,739
2021,11,09,22,3,53,739
2021,11,09,22,4,9,754
2021,11,09,22,4,25,755
2021,11,09,22,4,41,739
2021,11,09,22,4,57,737
2021,11,09,22,5,13,738
2021,11,09,22,5,29,739
2021,11,09,22,5,45,739
2021,11,09,22,6,1,739
2021,11,09,22,6,17,755
2021,11,09,22,6,33,755
2021,11,09,22,6,49,739
2021,11,09,22,7,6,379
2021,11,09,22,7,22,379
2021,11,09,22,7,38,379
2021,11,09,22,7,54,379
2021,11,09,22,8,10,396
2021,11,09,22,8,26,395
2021,11,09,22,8,42,375
2021,11,09,22,8,58,379
2021,11,09,22,9,14,378
2021,11,09,22,9,30,379
2021,11,09,22,9,46,379
2021,11,09,22,10,2,380
2021,11,09,22,10,18,392
2021,11,09,22,10,34,395
2021,11,09,22,10,50,379
2021,11,09,22,11,6,379
2021,11,09,22,11,22,379
2021,11,09,22,11,38,379
2021,11,09,22,11,54,378
2021,11,09,22,12,10,379
2021,11,09,22,12,27,35
2021,11,09,22,12,42,395
2021,11,09,22,12,58,378
2021,11,09,22,13,14,379
2021,11,09,22,13,30,379
2021,11,09,22,13,46,379
2021,11,09,22,14,2,383
2021,11,09,22,14,18,379
2021,11,09,22,14,35,35
2021,11,09,22,14,50,395
2021,11,09,22,15,6,379
2021,11,09,22,15,22,379
2021,11,09,22,15,38,378
2021,11,09,22,15,54,379
2021,11,09,22,16,10,379
2021,11,09,22,16,26,379
2021,11,09,22,16,42,394
2021,11,09,22,16,58,397
2021,11,09,22,17,14,379
2021,11,09,22,17,30,379
2021,11,09,22,17,46,377
2021,11,09,22,18,2,379
2021,11,09,22,18,18,379
2021,11,09,22,18,34,377
2021,11,09,22,18,50,399
2021,11,09,22,19,6,395
2021,11,09,22,19,22,379
2021,11,09,22,19,38,379
2021,11,09,22,19,54,380
2021,11,09,22,20,10,379
2021,11,09,22,20,26,379
2021,11,09,22,20,42,379
2021,11,09,22,20,58,395
2021,11,09,22,21,15,19
2021,11,09,22,21,30,379
2021,11,09,22,21,47,19
2021,11,09,22,22,3,19
2021,11,09,22,22,19,21
2021,11,09,22,22,35,27
2021,11,09,22,22,51,36
2021,11,09,22,23,7,34
2021,11,09,22,23,23,19
2021,11,09,22,23,39,19
2021,11,09,22,23,55,19
2021,11,09,22,24,11,17
2021,11,09,22,24,27,20
2021,11,09,22,24,43,19
2021,11,09,22,24,59,35
2021,11,09,22,25,15,30
2021,11,09,22,25,31,24
2021,11,09,22,25,47,19
2021,11,09,22,26,3,18
2021,11,09,22,26,19,21
2021,11,09,22,26,35,18
2021,11,09,22,26,51,19
2021,11,09,22,27,7,37
2021,11,09,22,27,23,35
2021,11,09,22,27,39,19
2021,11,09,22,27,55,19
2021,11,09,22,28,11,19
2021,11,09,22,28,27,19
2021,11,09,22,28,43,23
2021,11,09,22,28,59,19
2021,11,09,22,29,15,31
2021,11,09,22,29,31,35
2021,11,09,22,29,47,19
2021,11,09,22,30,3,19
2021,11,09,22,30,19,19
2021,11,09,22,30,35,19
2021,11,09,22,30,51,19
2021,11,09,22,31,7,30
2021,11,09,22,31,23,31
2021,11,09,22,31,39,35
2021,11,09,22,31,55,27
2021,11,09,22,32,11,19
2021,11,09,22,32,27,19
2021,11,09,22,32,43,19
2021,11,09,22,32,59,19
2021,11,09,22,33,15,19
2021,11,09,22,33,31,35
2021,11,09,22,33,47,35
2021,11,09,22,34,3,16
2021,11,09,22,34,19,21
2021,11,09,22,34,35,19
2021,11,09,22,34,51,19
2021,11,09,22,35,7,23
2021,11,09,22,35,23,16
2021,11,09,22,35,39,35
2021,11,09,22,35,55,660
2021,11,09,22,36,11,19
2021,11,09,22,36,27,659
2021,11,09,22,36,43,659
2021,11,09,22,36,59,659
2021,11,09,22,37,15,659
2021,11,09,22,37,31,675
2021,11,09,22,37,47,675
2021,11,09,22,38,3,658
2021,11,09,22,38,19,657
2021,11,09,22,38,35,659
2021,11,09,22,38,51,658
2021,11,09,22,39,7,659
2021,11,09,22,39,23,658
2021,11,09,22,39,39,675
2021,11,09,22,39,55,674
2021,11,09,22,40,11,659
2021,11,09,22,40,27,659
2021,11,09,22,40,43,659
2021,11,09,22,40,59,659
2021,11,09,22,41,15,659
2021,11,09,22,41,31,658
2021,11,09,22,41,47,674
2021,11,09,22,42,3,675
2021,11,09,22,42,19,659
2021,11,09,22,42,35,659
2021,11,09,22,42,51,658
2021,11,09,22,43,7,661
2021,11,09,22,43,23,657
2021,11,09,22,43,39,658
2021,11,09,22,43,55,671
2021,11,09,22,44,11,675
2021,11,09,22,44,27,667
2021,11,09,22,44,43,659
2021,11,09,22,44,59,659
2021,11,09,22,45,15,659
2021,11,09,22,45,31,667
2021,11,09,22,45,47,659
2021,11,09,22,46,3,675
2021,11,09,22,46,19,675
2021,11,09,22,46,35,659
2021,11,09,22,46,51,658
2021,11,09,22,47,7,659
2021,11,09,22,47,23,659
2021,11,09,22,47,39,659
2021,11,09,22,47,55,659
2021,11,09,22,48,11,675
2021,11,09,22,48,27,675
2021,11,09,22,48,43,659
2021,11,09,22,48,59,659
2021,11,09,22,49,15,659
2021,11,09,22,49,31,662
2021,11,09,22,49,47,659
2021,11,09,22,50,3,657
2021,11,09,22,50,19,675
2021,11,09,22,50,36,296
2021,11,09,22,50,51,659
2021,11,09,22,51,8,299
2021,11,09,22,51,24,299
2021,11,09,22,51,40,299
2021,11,09,22,51,56,299
2021,11,09,22,52,12,315
2021,11,09,22,52,28,313
2021,11,09,22,52,44,299
2021,11,09,22,53,0,939
2021,11,09,22,53,16,299
2021,11,09,22,53,32,302
2021,11,09,22,53,48,299
2021,11,09,22,54,4,299
2021,11,09,22,54,20,315
2021,11,09,22,54,36,319
2021,11,09,22,54,52,299
2021,11,09,22,55,8,307
2021,11,09,22,55,24,299
2021,11,09,22,55,40,299
2021,11,09,22,55,56,299
2021,11,09,22,56,12,299
2021,11,09,22,56,28,315
2021,11,09,22,56,44,312
2021,11,09,22,57,0,299
2021,11,09,22,57,16,299
2021,11,09,22,57,32,300
2021,11,09,22,57,48,299
2021,11,09,22,58,4,299
2021,11,09,22,58,20,299
2021,11,09,22,58,36,315
2021,11,09,22,58,52,315
2021,11,09,22,59,8,299
2021,11,09,22,59,24,300
2021,11,09,22,59,40,299
2021,11,09,22,59,56,299
2021,11,09,23,0,12,299
2021,11,09,23,0,28,299
2021,11,09,23,0,44,315
2021,11,09,23,1,0,315
2021,11,09,23,1,16,303
2021,11,09,23,1,32,299
2021,11,09,23,1,48,939
2021,11,09,23,2,4,299
2021,11,09,23,2,20,299
2021,11,09,23,2,36,299
2021,11,09,23,2,52,315
2021,11,09,23,3,8,315
2021,11,09,23,3,24,299
2021,11,09,23,3,40,299
2021,11,09,23,3,56,299
2021,11,09,23,4,12,299
2021,11,09,23,4,28,299
2021,11,09,23,4,44,955
2021,11,09,23,5,0,955
2021,11,09,23,5,16,939
2021,11,09,23,5,32,940
2021,11,09,23,5,48,947
2021,11,09,23,6,4,939
2021,11,09,23,6,20,939
2021,11,09,23,6,36,939
2021,11,09,23,6,52,955
2021,11,09,23,7,8,955
2021,11,09,23,7,24,939
2021,11,09,23,7,40,939
2021,11,09,23,7,56,939
2021,11,09,23,8,12,939
2021,11,09,23,8,28,939
2021,11,09,23,8,44,939
2021,11,09,23,9,0,953
2021,11,09,23,9,16,951
2021,11,09,23,9,32,937
2021,11,09,23,9,48,939
2021,11,09,23,10,4,939
2021,11,09,23,10,20,943
2021,11,09,23,10,36,936
2021,11,09,23,10,52,939
2021,11,09,23,11,8,958
2021,11,09,23,11,24,955
2021,11,09,23,11,40,939
2021,11,09,23,11,56,939
2021,11,09,23,12,12,939
2021,11,09,23,12,28,937
2021,11,09,23,12,44,939
2021,11,09,23,13,0,939
2021,11,09,23,13,16,952
2021,11,09,23,13,32,952
2021,11,09,23,13,48,939
2021,11,09,23,14,4,939
2021,11,09,23,14,20,938
2021,11,09,23,14,36,939
2021,11,09,23,14,52,937
2021,11,09,23,15,8,939
2021,11,09,23,15,24,955
2021,11,09,23,15,40,960
2021,11,09,23,15,56,942
2021,11,09,23,16,12,939
2021,11,09,23,16,28,939
2021,11,09,23,16,44,939
2021,11,09,23,17,0,939
2021,11,09,23,17,16,939
2021,11,09,23,17,32,955
2021,11,09,23,17,49,579
2021,11,09,23,18,5,579
2021,11,09,23,18,21,582
2021,11,09,23,18,37,578
2021,11,09,23,18,53,578
2021,11,09,23,19,9,579
2021,11,09,23,19,25,595
2021,11,09,23,19,41,596
2021,11,09,23,19,57,580
2021,11,09,23,20,13,580
2021,11,09,23,20,29,584
2021,11,09,23,20,45,579
2021,11,09,23,21,1,579
2021,11,09,23,21,17,579
2021,11,09,23,21,33,595
2021,11,09,23,21,49,595
2021,11,09,23,22,5,579
2021,11,09,23,22,21,579
2021,11,09,23,22,37,579
2021,11,09,23,22,53,579
2021,11,09,23,23,9,579
2021,11,09,23,23,25,580
2021,11,09,23,23,41,595
2021,11,09,23,23,57,591
2021,11,09,23,24,13,579
2021,11,09,23,24,29,579
2021,11,09,23,24,45,579
2021,11,09,23,25,1,577
2021,11,09,23,25,17,579
2021,11,09,23,25,33,579
2021,11,09,23,25,49,595
2021,11,09,23,26,5,595
2021,11,09,23,26,21,582
2021,11,09,23,26,37,579
2021,11,09,23,26,53,579
2021,11,09,23,27,9,579
2021,11,09,23,27,25,579
2021,11,09,23,27,41,579
2021,11,09,23,27,57,595
2021,11,09,23,28,13,595
2021,11,09,23,28,29,578
2021,11,09,23,28,45,579
2021,11,09,23,29,1,579
2021,11,09,23,29,17,579
2021,11,09,23,29,33,578
2021,11,09,23,29,49,579
2021,11,09,23,30,5,592
2021,11,09,23,30,21,595
2021,11,09,23,30,37,579
2021,11,09,23,30,54,219
2021,11,09,23,31,9,579
2021,11,09,23,31,26,219
2021,11,09,23,31,42,219
2021,11,09,23,31,58,233
2021,11,09,23,32,14,233
2021,11,09,23,32,30,219
2021,11,09,23,32,46,218
2021,11,09,23,33,2,218
2021,11,09,23,33,18,219
2021,11,09,23,33,34,219
2021,11,09,23,33,50,216
2021,11,09,23,34,6,233
2021,11,09,23,34,22,234
2021,11,09,23,34,38,219
2021,11,09,23,34,54,221
2021,11,09,23,35,10,219
2021,11,09,23,35,26,220
2021,11,09,23,35,42,219
2021,11,09,23,35,58,219
2021,11,09,23,36,14,233
2021,11,09,23,36,30,233
2021,11,09,23,36,46,218
2021,11,09,23,37,2,220
2021,11,09,23,37,18,219
2021,11,09,23,37,34,219
2021,11,09,23,37,50,219
2021,11,09,23,38,6,220
2021,11,09,23,38,22,233
2021,11,09,23,38,38,233
2021,11,09,23,38,54,219
2021,11,09,23,39,10,219
2021,11,09,23,39,26,219
2021,11,09,23,39,42,219
2021,11,09,23,39,58,216
2021,11,09,23,40,14,219
2021,11,09,23,40,30,232
2021,11,09,23,40,46,231
2021,11,09,23,41,2,219
2021,11,09,23,41,18,219
2021,11,09,23,41,34,220
2021,11,09,23,41,50,219
2021,11,09,23,42,6,220
2021,11,09,23,42,22,219
2021,11,09,23,42,38,232
2021,11,09,23,42,54,234
2021,11,09,23,43,10,216
2021,11,09,23,43,26,219
2021,11,09,23,43,42,230
2021,11,09,23,43,58,219
2021,11,09,23,44,14,218
2021,11,09,23,44,30,221
2021,11,09,23,44,46,233
2021,11,09,23,45,2,234
2021,11,09,23,45,18,219
2021,11,09,23,45,34,220
2021,11,09,23,45,50,219
2021,11,09,23,46,6,219
2021,11,09,23,46,22,215
2021,11,09,23,46,38,219
2021,11,09,23,46,54,875
2021,11,09,23,47,10,861
2021,11,09,23,47,26,859
2021,11,09,23,47,42,859
2021,11,09,23,47,58,859
2021,11,09,23,48,14,859
2021,11,09,23,48,30,859
2021,11,09,23,48,46,875
2021,11,09,23,49,2,875
2021,11,09,23,49,18,859
2021,11,09,23,49,34,862
2021,11,09,23,49,50,859
2021,11,09,23,50,6,856
2021,11,09,23,50,22,861
2021,11,09,23,50,38,858
2021,11,09,23,50,54,875
2021,11,09,23,51,10,875
2021,11,09,23,51,26,859
2021,11,09,23,51,42,859
2021,11,09,23,51,58,859
2021,11,09,23,52,14,858
2021,11,09,23,52,30,859
2021,11,09,23,52,46,860
2021,11,09,23,53,2,875
2021,11,09,23,53,18,875
2021,11,09,23,53,34,859
2021,11,09,23,53,50,859
2021,11,09,23,54,6,859
2021,11,09,23,54,22,871
2021,11,09,23,54,38,859
2021,11,09,23,54,54,857
2021,11,09,23,55,10,875
2021,11,09,23,55,26,875
2021,11,09,23,55,42,859
2021,11,09,23,55,58,859
2021,11,09,23,56,14,859
2021,11,09,23,56,30,859
2021,11,09,23,56,46,859
2021,11,09,23,57,2,859
2021,11,09,23,57,18,874
2021,11,09,23,57,34,875
2021,11,09,23,57,50,859
2021,11,09,23,58,6,859
2021,11,09,23,58,22,859
2021,11,09,23,58,38,859
2021,11,09,23,58,54,857
2021,11,09,23,59,10,861
2021,11,09,23,59,26,876
2021,11,09,23,59,42,875
2021,11,09,23,59,58,862
2021,11,10,0,0,14,858
2021,11,10,0,0,30,859
2021,11,10,0,0,46,859
2021,11,10,0,1,2,859
2021,11,10,0,1,18,859
2021,11,10,0,1,35,515
2021,11,10,0,1,51,499
2021,11,10,0,2,7,499
2021,11,10,0,2,23,497
2021,11,10,0,2,39,499
2021,11,10,0,2,55,499
2021,11,10,0,3,11,499
2021,11,10,0,3,27,515
2021,11,10,0,3,43,515
2021,11,10,0,3,59,499
2021,11,10,0,4,15,499
2021,11,10,0,4,31,497
2021,11,10,0,4,47,503
2021,11,10,0,5,3,499
2021,11,10,0,5,19,499
2021,11,10,0,5,35,514
2021,11,10,0,5,51,515
2021,11,10,0,6,7,499
2021,11,10,0,6,23,498
2021,11,10,0,6,40,139
2021,11,10,0,6,55,499
2021,11,10,0,7,11,500
2021,11,10,0,7,27,499
2021,11,10,0,7,43,515
2021,11,10,0,7,59,515
2021,11,10,0,8,15,499
2021,11,10,0,8,31,499
2021,11,10,0,8,47,499
2021,11,10,0,9,3,499
2021,11,10,0,9,19,497
2021,11,10,0,9,35,499
2021,11,10,0,9,51,513
2021,11,10,0,10,7,511
2021,11,10,0,10,23,498
2021,11,10,0,10,39,499
2021,11,10,0,10,55,499
2021,11,10,0,11,11,499
2021,11,10,0,11,27,499
2021,11,10,0,11,43,499
2021,11,10,0,11,59,513
2021,11,10,0,12,15,514
2021,11,10,0,12,31,499
2021,11,10,0,12,47,499
2021,11,10,0,13,3,500
2021,11,10,0,13,19,499
2021,11,10,0,13,35,499
2021,11,10,0,13,51,498
2021,11,10,0,14,7,515
2021,11,10,0,14,23,515
2021,11,10,0,14,39,499
2021,11,10,0,14,55,499
2021,11,10,0,15,11,499
2021,11,10,0,15,27,499
2021,11,10,0,15,44,139
2021,11,10,0,16,0,154
2021,11,10,0,16,16,154
2021,11,10,0,16,32,139
2021,11,10,0,16,48,139
2021,11,10,0,17,4,139
2021,11,10,0,17,20,139
2021,11,10,0,17,36,138
2021,11,10,0,17,52,139
2021,11,10,0,18,8,154
2021,11,10,0,18,24,154
2021,11,10,0,18,40,139
2021,11,10,0,18,56,139
2021,11,10,0,19,12,139
2021,11,10,0,19,28,139
2021,11,10,0,19,44,139
2021,11,10,0,20,0,140
2021,11,10,0,20,16,154
2021,11,10,0,20,32,154
2021,11,10,0,20,48,137
2021,11,10,0,21,4,140
2021,11,10,0,21,20,139
2021,11,10,0,21,36,139
2021,11,10,0,21,52,139
2021,11,10,0,22,8,143
2021,11,10,0,22,24,162
2021,11,10,0,22,40,154
2021,11,10,0,22,56,139
2021,11,10,0,23,12,139
2021,11,10,0,23,28,139
2021,11,10,0,23,44,139
2021,11,10,0,24,0,140
2021,11,10,0,24,16,139
2021,11,10,0,24,32,153
2021,11,10,0,24,48,152
2021,11,10,0,25,4,139
2021,11,10,0,25,20,139
2021,11,10,0,25,36,139
2021,11,10,0,25,52,139
2021,11,10,0,26,8,139
2021,11,10,0,26,24,139
2021,11,10,0,26,40,154
2021,11,10,0,26,56,155
2021,11,10,0,27,12,139
2021,11,10,0,27,28,139
2021,11,10,0,27,44,139
2021,11,10,0,28,0,143
2021,11,10,0,28,16,142
2021,11,10,0,28,32,138
2021,11,10,0,28,48,154
2021,11,10,0,29,4,154
2021,11,10,0,29,20,138
2021,11,10,0,29,36,144
2021,11,10,0,29,52,139
2021,11,10,0,30,8,139
2021,11,10,0,30,24,139
2021,11,10,0,30,40,139
2021,11,10,0,30,56,795
2021,11,10,0,31,12,779
2021,11,10,0,31,28,779
2021,11,10,0,31,44,779
2021,11,10,0,32,0,779
2021,11,10,0,32,16,779
2021,11,10,0,32,32,778
2021,11,10,0,32,48,795
2021,11,10,0,33,4,795
2021,11,10,0,33,20,779
2021,11,10,0,33,36,779
2021,11,10,0,33,52,779
2021,11,10,0,34,8,779
2021,11,10,0,34,24,779
2021,11,10,0,34,40,779
2021,11,10,0,34,56,795
2021,11,10,0,35,12,795
2021,11,10,0,35,28,779
2021,11,10,0,35,44,779
2021,11,10,0,36,0,778
2021,11,10,0,36,16,779
2021,11,10,0,36,32,778
2021,11,10,0,36,48,779
2021,11,10,0,37,4,793
2021,11,10,0,37,20,795
2021,11,10,0,37,36,779
2021,11,10,0,37,52,779
2021,11,10,0,38,8,779
2021,11,10,0,38,24,779
2021,11,10,0,38,40,778
2021,11,10,0,38,56,779
2021,11,10,0,39,12,795
2021,11,10,0,39,28,795
2021,11,10,0,39,44,779
2021,11,10,0,40,0,779
2021,11,10,0,40,16,779
2021,11,10,0,40,32,779
2021,11,10,0,40,48,779
2021,11,10,0,41,4,779
2021,11,10,0,41,20,793
2021,11,10,0,41,36,795
2021,11,10,0,41,52,779
2021,11,10,0,42,8,779
2021,11,10,0,42,24,779
2021,11,10,0,42,40,779
2021,11,10,0,42,56,780
2021,11,10,0,43,12,777
2021,11,10,0,43,28,795
2021,11,10,0,43,45,419
2021,11,10,0,44,0,780
2021,11,10,0,44,16,779
2021,11,10,0,44,32,778
2021,11,10,0,44,49,417
2021,11,10,0,45,4,779
2021,11,10,0,45,21,432
2021,11,10,0,45,37,435
2021,11,10,0,45,53,418
2021,11,10,0,46,9,418
2021,11,10,0,46,25,419
2021,11,10,0,46,41,418
2021,11,10,0,46,57,419
2021,11,10,0,47,13,419
2021,11,10,0,47,29,433
2021,11,10,0,47,45,435
2021,11,10,0,48,1,419
2021,11,10,0,48,17,419
2021,11,10,0,48,33,419
2021,11,10,0,48,49,419
2021,11,10,0,49,5,419
2021,11,10,0,49,21,419
2021,11,10,0,49,37,433
2021,11,10,0,49,53,433
2021,11,10,0,50,9,419
2021,11,10,0,50,25,419
2021,11,10,0,50,41,419
2021,11,10,0,50,57,419
2021,11,10,0,51,13,419
2021,11,10,0,51,29,419
2021,11,10,0,51,45,435
2021,11,10,0,52,1,435
2021,11,10,0,52,17,419
2021,11,10,0,52,33,419
2021,11,10,0,52,49,419
2021,11,10,0,53,5,419
2021,11,10,0,53,21,419
2021,11,10,0,53,37,427
2021,11,10,0,53,53,433
2021,11,10,0,54,9,435
2021,11,10,0,54,25,419
2021,11,10,0,54,41,419
2021,11,10,0,54,57,419
2021,11,10,0,55,13,419
2021,11,10,0,55,29,417
2021,11,10,0,55,45,419
2021,11,10,0,56,1,433
2021,11,10,0,56,17,435
2021,11,10,0,56,33,420
2021,11,10,0,56,49,420
2021,11,10,0,57,5,419
2021,11,10,0,57,21,427
2021,11,10,0,57,37,419
2021,11,10,0,57,53,419
2021,11,10,0,58,9,435
2021,11,10,0,58,25,435
2021,11,10,0,58,41,419
2021,11,10,0,58,57,419
2021,11,10,0,59,13,418
2021,11,10,0,59,29,419
2021,11,10,0,59,45,427
2021,11,10,1,0,2,75
2021,11,10,1,0,18,75
2021,11,10,1,0,34,59
2021,11,10,1,0,50,59
2021,11,10,1,1,6,59
2021,11,10,1,1,22,59
2021,11,10,1,1,38,59
2021,11,10,1,1,54,59
2021,11,10,1,2,10,75
2021,11,10,1,2,26,73
2021,11,10,1,2,42,57
2021,11,10,1,2,58,59
2021,11,10,1,3,14,55
2021,11,10,1,3,30,59
2021,11,10,1,3,46,59
2021,11,10,1,4,2,59
2021,11,10,1,4,18,73
2021,11,10,1,4,34,73
2021,11,10,1,4,50,59
2021,11,10,1,5,6,59
2021,11,10,1,5,22,59
2021,11,10,1,5,38,57
2021,11,10,1,5,54,59
2021,11,10,1,6,10,56
2021,11,10,1,6,26,75
2021,11,10,1,6,42,75
2021,11,10,1,6,58,59
2021,11,10,1,7,14,59
2021,11,10,1,7,30,59
2021,11,10,1,7,46,62
2021,11,10,1,8,2,60
2021,11,10,1,8,18,62
2021,11,10,1,8,34,73
2021,11,10,1,8,50,76
2021,11,10,1,9,6,59
2021,11,10,1,9,22,59
2021,11,10,1,9,38,62
2021,11,10,1,9,54,59
2021,11,10,1,10,10,59
2021,11,10,1,10,26,62
2021,11,10,1,10,42,75
2021,11,10,1,10,58,75
2021,11,10,1,11,14,59
2021,11,10,1,11,30,59
2021,11,10,1,11,46,59
2021,11,10,1,12,2,57
2021,11,10,1,12,18,59
2021,11,10,1,12,34,60
2021,11,10,1,12,50,75
2021,11,10,1,13,6,74
2021,11,10,1,13,22,59
2021,11,10,1,13,38,59
2021,11,10,1,13,54,59
2021,11,10,1,14,10,59
2021,11,10,1,14,26,59
2021,11,10,1,14,42,715
2021,11,10,1,14,58,715
2021,11,10,1,15,14,699
2021,11,10,1,15,30,699
2021,11,10,1,15,46,698
2021,11,10,1,16,2,699
2021,11,10,1,16,18,698
2021,11,10,1,16,34,701
2021,11,10,1,16,50,715
2021,11,10,1,17,6,715
2021,11,10,1,17,22,702
2021,11,10,1,17,38,698
2021,11,10,1,17,54,699
2021,11,10,1,18,10,699
2021,11,10,1,18,27,339
2021,11,10,1,18,42,699
2021,11,10,1,18,58,714
2021,11,10,1,19,14,714
2021,11,10,1,19,30,699
2021,11,10,1,19,46,697
2021,11,10,1,20,2,702
2021,11,10,1,20,18,699
2021,11,10,1,20,34,699
2021,11,10,1,20,50,702
2021,11,10,1,21,6,718
2021,11,10,1,21,22,715
2021,11,10,1,21,38,699
2021,11,10,1,21,54,698
2021,11,10,1,22,10,702
2021,11,10,1,22,26,699
2021,11,10,1,22,42,699
2021,11,10,1,22,58,699
2021,11,10,1,23,14,715
2021,11,10,1,23,30,715
2021,11,10,1,23,46,703
2021,11,10,1,24,2,699
2021,11,10,1,24,18,699
2021,11,10,1,24,34,699
2021,11,10,1,24,50,699
2021,11,10,1,25,6,699
2021,11,10,1,25,22,715
2021,11,10,1,25,38,715
2021,11,10,1,25,54,698
2021,11,10,1,26,10,699
2021,11,10,1,26,26,696
2021,11,10,1,26,42,699
2021,11,10,1,26,58,699
2021,11,10,1,27,14,699
2021,11,10,1,27,30,715
2021,11,10,1,27,46,715
2021,11,10,1,28,2,699
2021,11,10,1,28,19,339
2021,11,10,1,28,35,337
2021,11,10,1,28,51,340
2021,11,10,1,29,7,340
2021,11,10,1,29,23,355
2021,11,10,1,29,39,355
2021,11,10,1,29,55,339
2021,11,10,1,30,11,339
2021,11,10,1,30,27,343
2021,11,10,1,30,43,339
2021,11,10,1,30,59,339
2021,11,10,1,31,15,339
2021,11,10,1,31,31,355
2021,11,10,1,31,47,355
2021,11,10,1,32,3,339
2021,11,10,1,32,19,339
2021,11,10,1,32,35,339
2021,11,10,1,32,51,343
2021,11,10,1,33,7,339
2021,11,10,1,33,23,338
2021,11,10,1,33,39,354
2021,11,10,1,33,55,355
2021,11,10,1,34,11,339
2021,11,10,1,34,27,339
2021,11,10,1,34,43,339
2021,11,10,1,34,59,339
2021,11,10,1,35,15,339
2021,11,10,1,35,31,343
2021,11,10,1,35,47,355
2021,11,10,1,36,3,354
2021,11,10,1,36,19,338
2021,11,10,1,36,35,339
2021,11,10,1,36,51,339
2021,11,10,1,37,7,339
2021,11,10,1,37,23,340
2021,11,10,1,37,39,339
2021,11,10,1,37,55,354
2021,11,10,1,38,11,355
2021,11,10,1,38,27,339
2021,11,10,1,38,43,351
2021,11,10,1,38,59,339
2021,11,10,1,39,15,336
2021,11,10,1,39,31,339
2021,11,10,1,39,47,339
2021,11,10,1,40,3,354
2021,11,10,1,40,19,355
2021,11,10,1,40,35,340
2021,11,10,1,40,51,339
2021,11,10,1,41,7,339
2021,11,10,1,41,23,339
2021,11,10,1,41,39,339
2021,11,10,1,41,55,339
2021,11,10,1,42,12,3
2021,11,10,1,42,27,354
2021,11,10,1,42,43,979
2021,11,10,1,42,59,977
2021,11,10,1,43,15,979
2021,11,10,1,43,31,979
2021,11,10,1,43,47,979
2021,11,10,1,44,3,993
2021,11,10,1,44,19,995
2021,11,10,1,44,35,979
2021,11,10,1,44,51,979
2021,11,10,1,45,7,979
2021,11,10,1,45,23,979
2021,11,10,1,45,39,977
2021,11,10,1,45,55,979
2021,11,10,1,46,11,995
2021,11,10,1,46,27,995
2021,11,10,1,46,43,980
2021,11,10,1,46,59,979
2021,11,10,1,47,15,979
2021,11,10,1,47,31,979
2021,11,10,1,47,47,979
2021,11,10,1,48,3,979
2021,11,10,1,48,19,995
2021,11,10,1,48,35,995
2021,11,10,1,48,51,979
2021,11,10,1,49,7,979
2021,11,10,1,49,23,979
2021,11,10,1,49,39,979
2021,11,10,1,49,55,979
2021,11,10,1,50,11,977
2021,11,10,1,50,27,995
2021,11,10,1,50,43,995
2021,11,10,1,50,59,979
2021,11,10,1,51,15,979
2021,11,10,1,51,31,979
2021,11,10,1,51,47,979
2021,11,10,1,52,3,979
2021,11,10,1,52,19,979
2021,11,10,1,52,35,995
2021,11,10,1,52,51,995
2021,11,10,1,53,7,979
2021,11,10,1,53,23,977
2021,11,10,1,53,39,978
2021,11,10,1,53,55,979
2021,11,10,1,54,11,981
2021,11,10,1,54,27,979
2021,11,10,1,54,43,993
2021,11,10,1,54,59,995
2021,11,10,1,55,15,979
2021,11,10,1,55,31,979
2021,11,10,1,55,47,979
2021,11,10,1,56,3,979
2021,11,10,1,56,19,979
2021,11,10,1,56,36,635
2021,11,10,1,56,52,634
2021,11,10,1,57,8,619
2021,11,10,1,57,24,619
2021,11,10,1,57,40,619
2021,11,10,1,57,56,619
2021,11,10,1,58,12,619
2021,11,10,1,58,28,619
2021,11,10,1,58,44,635
2021,11,10,1,59,0,635
2021,11,10,1,59,16,619
2021,11,10,1,59,32,623
2021,11,10,1,59,48,618
2021,11,10,2,0,4,619
2021,11,10,2,0,20,617
2021,11,10,2,0,36,619
2021,11,10,2,0,52,634
2021,11,10,2,1,8,635
2021,11,10,2,1,24,619
2021,11,10,2,1,40,619
2021,11,10,2,1,56,619
2021,11,10,2,2,12,619
2021,11,10,2,2,28,619
2021,11,10,2,2,44,619
2021,11,10,2,3,0,635
2021,11,10,2,3,16,635
2021,11,10,2,3,32,618
2021,11,10,2,3,48,619
2021,11,10,2,4,4,619
2021,11,10,2,4,20,619
2021,11,10,2,4,36,618
2021,11,10,2,4,52,619
2021,11,10,2,5,8,635
2021,11,10,2,5,24,635
2021,11,10,2,5,40,619
2021,11,10,2,5,56,619
2021,11,10,2,6,12,620
2021,11,10,2,6,28,620
2021,11,10,2,6,44,619
2021,11,10,2,7,0,617
2021,11,10,2,7,16,635
2021,11,10,2,7,32,635
2021,11,10,2,7,48,619
2021,11,10,2,8,4,619
2021,11,10,2,8,20,619
2021,11,10,2,8,36,619
2021,11,10,2,8,52,620
2021,11,10,2,9,8,619
2021,11,10,2,9,24,633
2021,11,10,2,9,40,634
2021,11,10,2,9,56,619
2021,11,10,2,10,12,619
2021,11,10,2,10,28,620
2021,11,10,2,10,44,620
2021,11,10,2,11,0,619
2021,11,10,2,11,16,619
2021,11,10,2,11,32,635
2021,11,10,2,11,49,255
2021,11,10,2,12,5,260
2021,11,10,2,12,21,259
2021,11,10,2,12,37,259
2021,11,10,2,12,53,259
2021,11,10,2,13,9,259
2021,11,10,2,13,25,275
2021,11,10,2,13,41,272
2021,11,10,2,13,57,259
2021,11,10,2,14,13,259
2021,11,10,2,14,29,259
2021,11,10,2,14,45,258
2021,11,10,2,15,1,259
2021,11,10,2,15,17,259
2021,11,10,2,15,33,275
2021,11,10,2,15,49,275
2021,11,10,2,16,5,259
2021,11,10,2,16,21,259
2021,11,10,2,16,37,259
2021,11,10,2,16,53,257
2021,11,10,2,17,9,259
2021,11,10,2,17,25,256
2021,11,10,2,17,41,275
2021,11,10,2,17,57,275
2021,11,10,2,18,13,259
2021,11,10,2,18,29,260
2021,11,10,2,18,45,259
2021,11,10,2,19,1,260
2021,11,10,2,19,17,259
2021,11,10,2,19,33,260
2021,11,10,2,19,49,274
2021,11,10,2,20,5,275
2021,11,10,2,20,21,259
2021,11,10,2,20,37,259
2021,11,10,2,20,53,257
2021,11,10,2,21,9,259
2021,11,10,2,21,25,259
2021,11,10,2,21,41,261
2021,11,10,2,21,57,291
2021,11,10,2,22,13,275
2021,11,10,2,22,29,259
2021,11,10,2,22,45,259
2021,11,10,2,23,1,259
2021,11,10,2,23,17,259
2021,11,10,2,23,33,259
2021,11,10,2,23,49,260
2021,11,10,2,24,5,275
2021,11,10,2,24,21,275
2021,11,10,2,24,37,259
2021,11,10,2,24,53,256
2021,11,10,2,25,9,258
2021,11,10,2,25,25,259
2021,11,10,2,25,41,258
2021,11,10,2,25,57,259
2021,11,10,2,26,13,915
2021,11,10,2,26,29,899
2021,11,10,2,26,45,897
2021,11,10,2,27,1,898
2021,11,10,2,27,17,899
2021,11,10,2,27,33,901
2021,11,10,2,27,49,897
2021,11,10,2,28,5,914
2021,11,10,2,28,21,915
2021,11,10,2,28,37,899
2021,11,10,2,28,53,899
2021,11,10,2,29,9,899
2021,11,10,2,29,25,899
2021,11,10,2,29,41,907
2021,11,10,2,29,57,899
2021,11,10,2,30,13,914
2021,11,10,2,30,29,931
2021,11,10,2,30,46,539
2021,11,10,2,31,1,899
2021,11,10,2,31,17,899
2021,11,10,2,31,33,899
2021,11,10,2,31,49,899
2021,11,10,2,32,5,899
2021,11,10,2,32,21,915
2021,11,10,2,32,37,915
2021,11,10,2,32,53,899
2021,11,10,2,33,9,899
2021,11,10,2,33,25,905
2021,11,10,2,33,41,899
2021,11,10,2,33,58,539
2021,11,10,2,34,13,897
2021,11,10,2,34,29,915
2021,11,10,2,34,45,915
2021,11,10,2,35,1,899
2021,11,10,2,35,17,899
2021,11,10,2,35,33,899
2021,11,10,2,35,49,899
2021,11,10,2,36,5,899
2021,11,10,2,36,21,899
2021,11,10,2,36,37,915
2021,11,10,2,36,53,915
2021,11,10,2,37,9,899
2021,11,10,2,37,25,896
2021,11,10,2,37,41,899
2021,11,10,2,37,57,899
2021,11,10,2,38,13,899
2021,11,10,2,38,29,899
2021,11,10,2,38,45,913
2021,11,10,2,39,1,931
2021,11,10,2,39,17,899
2021,11,10,2,39,34,539
2021,11,10,2,39,50,539
2021,11,10,2,40,6,547
2021,11,10,2,40,22,538
2021,11,10,2,40,38,555
2021,11,10,2,40,54,555
2021,11,10,2,41,10,537
2021,11,10,2,41,26,539
2021,11,10,2,41,42,538
2021,11,10,2,41,58,539
2021,11,10,2,42,14,539
2021,11,10,2,42,30,539
2021,11,10,2,42,46,555
2021,11,10,2,43,2,554
2021,11,10,2,43,18,539
2021,11,10,2,43,34,539
2021,11,10,2,43,50,539
2021,11,10,2,44,6,540
2021,11,10,2,44,22,539
2021,11,10,2,44,38,539
2021,11,10,2,44,54,553
2021,11,10,2,45,10,555
2021,11,10,2,45,26,539
2021,11,10,2,45,42,539
2021,11,10,2,45,58,539
2021,11,10,2,46,14,539
2021,11,10,2,46,30,539
2021,11,10,2,46,46,543
2021,11,10,2,47,2,553
2021,11,10,2,47,18,554
2021,11,10,2,47,34,539
2021,11,10,2,47,50,539
2021,11,10,2,48,6,539
2021,11,10,2,48,22,539
2021,11,10,2,48,38,539
2021,11,10,2,48,54,539
2021,11,10,2,49,10,555
2021,11,10,2,49,26,567
2021,11,10,2,49,42,538
2021,11,10,2,49,58,539
2021,11,10,2,50,14,539
2021,11,10,2,50,30,540
2021,11,10,2,50,46,539
2021,11,10,2,51,2,539
2021,11,10,2,51,18,555
2021,11,10,2,51,34,555
2021,11,10,2,51,50,538
2021,11,10,2,52,6,539
2021,11,10,2,52,22,537
2021,11,10,2,52,38,539
2021,11,10,2,52,54,539
2021,11,10,2,53,10,539
2021,11,10,2,53,26,555
2021,11,10,2,53,43,179
2021,11,10,2,53,59,179
2021,11,10,2,54,15,179
2021,11,10,2,54,31,179
2021,11,10,2,54,47,179
2021,11,10,2,55,3,179
2021,11,10,2,55,19,195
2021,11,10,2,55,35,819
2021,11,10,2,55,51,179
2021,11,10,2,56,7,180
2021,11,10,2,56,23,179
2021,11,10,2,56,39,179
2021,11,10,2,56,55,179
2021,11,10,2,57,11,179
2021,11,10,2,57,27,195
2021,11,10,2,57,43,194
2021,11,10,2,57,59,179
2021,11,10,2,58,15,179
2021,11,10,2,58,31,178
2021,11,10,2,58,47,179
2021,11,10,2,59,3,179
2021,11,10,2,59,19,179
2021,11,10,2,59,35,195
2021,11,10,2,59,51,195
2021,11,10,3,0,7,179
2021,11,10,3,0,23,183
2021,11,10,3,0,39,178
2021,11,10,3,0,55,179
2021,11,10,3,1,11,179
2021,11,10,3,1,27,178
2021,11,10,3,1,43,195
2021,11,10,3,1,59,195
2021,11,10,3,2,15,179
2021,11,10,3,2,31,179
2021,11,10,3,2,47,179
2021,11,10,3,3,3,179
2021,11,10,3,3,19,817
2021,11,10,3,3,35,178
2021,11,10,3,3,51,196
2021,11,10,3,4,7,195
2021,11,10,3,4,23,179
2021,11,10,3,4,39,179
2021,11,10,3,4,55,179
2021,11,10,3,5,11,179
2021,11,10,3,5,27,179
2021,11,10,3,5,43,179
2021,11,10,3,5,59,195
2021,11,10,3,6,15,196
2021,11,10,3,6,31,179
2021,11,10,3,6,47,182
2021,11,10,3,7,3,179
2021,11,10,3,7,19,179
2021,11,10,3,7,35,179
2021,11,10,3,7,51,179
2021,11,10,3,8,7,835
2021,11,10,3,8,23,819
2021,11,10,3,8,39,819
2021,11,10,3,8,55,819
2021,11,10,3,9,11,818
2021,11,10,3,9,27,821
2021,11,10,3,9,43,819
2021,11,10,3,9,59,835
2021,11,10,3,10,15,835
2021,11,10,3,10,31,819
2021,11,10,3,10,47,820
2021,11,10,3,11,3,819
2021,11,10,3,11,19,819
2021,11,10,3,11,35,819
2021,11,10,3,11,51,819
2021,11,10,3,12,7,833
2021,11,10,3,12,23,832
2021,11,10,3,12,39,819
2021,11,10,3,12,55,819
2021,11,10,3,13,11,819
2021,11,10,3,13,27,819
2021,11,10,3,13,43,819
2021,11,10,3,13,59,818
2021,11,10,3,14,15,835
2021,11,10,3,14,31,834
2021,11,10,3,14,47,819
2021,11,10,3,15,3,820
2021,11,10,3,15,19,819
2021,11,10,3,15,35,819
2021,11,10,3,15,51,819
2021,11,10,3,16,7,819
2021,11,10,3,16,23,835
2021,11,10,3,16,39,835
2021,11,10,3,16,55,819
2021,11,10,3,17,11,825
2021,11,10,3,17,27,819
2021,11,10,3,17,43,831
2021,11,10,3,17,59,815
2021,11,10,3,18,15,819
2021,11,10,3,18,31,835
2021,11,10,3,18,47,835
2021,11,10,3,19,3,819
2021,11,10,3,19,19,819
2021,11,10,3,19,35,819
2021,11,10,3,19,51,819
2021,11,10,3,20,7,819
2021,11,10,3,20,23,819
2021,11,10,3,20,39,835
2021,11,10,3,20,55,835
2021,11,10,3,21,11,819
2021,11,10,3,21,27,818
2021,11,10,3,21,43,816
2021,11,10,3,21,59,819
2021,11,10,3,22,15,819
2021,11,10,3,22,31,819
2021,11,10,3,22,47,835
2021,11,10,3,23,4,459
2021,11,10,3,23,19,819
2021,11,10,3,23,36,462
2021,11,10,3,23,52,459
2021,11,10,3,24,8,462
2021,11,10,3,24,24,462
2021,11,10,3,24,40,475
2021,11,10,3,24,56,475
2021,11,10,3,25,12,461
2021,11,10,3,25,28,459
2021,11,10,3,25,44,462
2021,11,10,3,26,0,462
2021,11,10,3,26,16,458
2021,11,10,3,26,32,459
2021,11,10,3,26,48,475
2021,11,10,3,27,4,475
2021,11,10,3,27,20,459
2021,11,10,3,27,36,467
2021,11,10,3,27,52,459
2021,11,10,3,28,8,462
2021,11,10,3,28,24,462
2021,11,10,3,28,40,459
2021,11,10,3,28,56,473
2021,11,10,3,29,12,475
2021,11,10,3,29,28,459
2021,11,10,3,29,44,459
2021,11,10,3,30,0,461
2021,11,10,3,30,16,459
2021,11,10,3,30,32,459
2021,11,10,3,30,48,463
2021,11,10,3,31,4,475
2021,11,10,3,31,20,475
2021,11,10,3,31,36,459
2021,11,10,3,31,52,459
2021,11,10,3,32,8,459
2021,11,10,3,32,24,459
2021,11,10,3,32,40,459
2021,11,10,3,32,56,459
2021,11,10,3,33,12,475
2021,11,10,3,33,28,475
2021,11,10,3,33,44,459
2021,11,10,3,34,0,462
2021,11,10,3,34,16,459
2021,11,10,3,34,32,459
2021,11,10,3,34,48,459
2021,11,10,3,35,4,459
2021,11,10,3,35,20,475
2021,11,10,3,35,36,475
2021,11,10,3,35,52,459
2021,11,10,3,36,8,459
2021,11,10,3,36,24,459
2021,11,10,3,36,40,461
2021,11,10,3,36,56,459
2021,11,10,3,37,12,459
2021,11,10,3,37,28,475
2021,11,10,3,37,44,475
2021,11,10,3,38,0,458
2021,11,10,3,38,16,459
2021,11,10,3,38,33,99
2021,11,10,3,38,49,103
2021,11,10,3,39,5,99
2021,11,10,3,39,21,115
2021,11,10,3,39,37,119
2021,11,10,3,39,53,99
2021,11,10,3,40,9,97
2021,11,10,3,40,25,104
2021,11,10,3,40,41,99
2021,11,10,3,40,57,99
2021,11,10,3,41,13,103
2021,11,10,3,41,29,115
2021,11,10,3,41,45,115
2021,11,10,3,42,1,99
2021,11,10,3,42,17,99
2021,11,10,3,42,33,99
2021,11,10,3,42,49,99
2021,11,10,3,43,5,99
2021,11,10,3,43,21,98
2021,11,10,3,43,37,115
2021,11,10,3,43,53,115
2021,11,10,3,44,9,98
2021,11,10,3,44,25,99
2021,11,10,3,44,41,99
2021,11,10,3,44,57,99
2021,11,10,3,45,13,99
2021,11,10,3,45,29,99
2021,11,10,3,45,45,755
2021,11,10,3,46,1,115
2021,11,10,3,46,17,99
2021,11,10,3,46,33,99
2021,11,10,3,46,49,99
2021,11,10,3,47,5,99
2021,11,10,3,47,21,99
2021,11,10,3,47,37,103
2021,11,10,3,47,53,113
2021,11,10,3,48,9,115
2021,11,10,3,48,25,99
2021,11,10,3,48,41,99
2021,11,10,3,48,57,739
2021,11,10,3,49,13,103
2021,11,10,3,49,29,101
2021,11,10,3,49,45,99
2021,11,10,3,50,1,115
2021,11,10,3,50,17,115
2021,11,10,3,50,33,100
2021,11,10,3,50,49,99
2021,11,10,3,51,5,99
2021,11,10,3,51,21,103
2021,11,10,3,51,37,99
2021,11,10,3,51,53,99
2021,11,10,3,52,9,115
2021,11,10,3,52,25,115
2021,11,10,3,52,41,99
2021,11,10,3,52,57,739
2021,11,10,3,53,13,739
2021,11,10,3,53,29,739
2021,11,10,3,53,45,739
2021,11,10,3,54,1,755
2021,11,10,3,54,17,755
2021,11,10,3,54,33,739
2021,11,10,3,54,49,739
2021,11,10,3,55,5,739
2021,11,10,3,55,21,739
2021,11,10,3,55,37,739
2021,11,10,3,55,53,739
2021,11,10,3,56,9,756
2021,11,10,3,56,25,755
2021,11,10,3,56,41,739
2021,11,10,3,56,57,739
2021,11,10,3,57,13,739
2021,11,10,3,57,29,739
2021,11,10,3,57,45,739
2021,11,10,3,58,1,738
2021,11,10,3,58,17,753
2021,11,10,3,58,33,752
2021,11,10,3,58,49,739
2021,11,10,3,59,5,741
2021,11,10,3,59,21,739
2021,11,10,3,59,37,739
2021,11,10,3,59,53,739
2021,11,10,4,0,9,739
2021,11,10,4,0,25,754
2021,11,10,4,0,41,755
2021,11,10,4,0,57,739
2021,11,10,4,1,13,738
2021,11,10,4,1,29,739
2021,11,10,4,1,45,739
2021,11,10,4,2,1,739
2021,11,10,4,2,17,739
2021,11,10,4,2,33,753
2021,11,10,4,2,49,755
2021,11,10,4,3,5,739
2021,11,10,4,3,21,739
2021,11,10,4,3,37,739
2021,11,10,4,3,53,738
2021,11,10,4,4,9,739
2021,11,10,4,4,25,739
2021,11,10,4,4,41,755
2021,11,10,4,4,57,755
2021,11,10,4,5,13,739
2021,11,10,4,5,29,740
2021,11,10,4,5,45,739
2021,11,10,4,6,1,736
2021,11,10,4,6,17,740
2021,11,10,4,6,33,739
2021,11,10,4,6,49,754
2021,11,10,4,7,6,379
2021,11,10,4,7,22,379
2021,11,10,4,7,38,380
2021,11,10,4,7,54,379
2021,11,10,4,8,10,378
2021,11,10,4,8,26,380
2021,11,10,4,8,42,393
2021,11,10,4,8,58,395
2021,11,10,4,9,14,380
2021,11,10,4,9,30,379
2021,11,10,4,9,46,379
2021,11,10,4,10,2,380
2021,11,10,4,10,18,379
2021,11,10,4,10,34,379
2021,11,10,4,10,50,391
2021,11,10,4,11,6,395
2021,11,10,4,11,22,379
2021,11,10,4,11,38,380
2021,11,10,4,11,54,379
2021,11,10,4,12,10,379
2021,11,10,4,12,26,380
2021,11,10,4,12,42,379
2021,11,10,4,12,58,393
2021,11,10,4,13,14,392
2021,11,10,4,13,30,379
2021,11,10,4,13,46,379
2021,11,10,4,14,2,379
2021,11,10,4,14,18,379
2021,11,10,4,14,35,19
2021,11,10,4,14,50,379
2021,11,10,4,15,6,395
2021,11,10,4,15,22,395
2021,11,10,4,15,38,379
2021,11,10,4,15,54,380
2021,11,10,4,16,10,379
2021,11,10,4,16,26,379
2021,11,10,4,16,42,379
2021,11,10,4,16,58,379
2021,11,10,4,17,14,392
2021,11,10,4,17,30,395
2021,11,10,4,17,46,379
2021,11,10,4,18,2,379
2021,11,10,4,18,18,379
2021,11,10,4,18,34,379
2021,11,10,4,18,50,379
2021,11,10,4,19,6,379
2021,11,10,4,19,22,395
2021,11,10,4,19,38,395
2021,11,10,4,19,54,379
2021,11,10,4,20,10,379
2021,11,10,4,20,26,379
2021,11,10,4,20,43,19
2021,11,10,4,20,58,379
2021,11,10,4,21,15,35
2021,11,10,4,21,31,35
2021,11,10,4,21,47,19
2021,11,10,4,22,3,19
2021,11,10,4,22,19,19
2021,11,10,4,22,35,19
2021,11,10,4,22,51,19
2021,11,10,4,23,7,19
2021,11,10,4,23,23,32
2021,11,10,4,23,39,35
2021,11,10,4,23,55,19
2021,11,10,4,24,11,19
2021,11,10,4,24,27,19
2021,11,10,4,24,43,19
2021,11,10,4,24,59,19
2021,11,10,4,25,15,19
2021,11,10,4,25,31,35
2021,11,10,4,25,47,35
2021,11,10,4,26,3,23
2021,11,10,4,26,19,19
2021,11,10,4,26,35,19
2021,11,10,4,26,51,35
2021,11,10,4,27,7,19
2021,11,10,4,27,23,20
2021,11,10,4,27,39,35
2021,11,10,4,27,55,35
2021,11,10,4,28,11,19
2021,11,10,4,28,27,19
2021,11,10,4,28,43,19
2021,11,10,4,28,59,19
2021,11,10,4,29,15,19
2021,11,10,4,29,31,19
2021,11,10,4,29,47,35
2021,11,10,4,30,3,33
2021,11,10,4,30,19,23
2021,11,10,4,30,35,19
2021,11,10,4,30,51,20
2021,11,10,4,31,7,19
2021,11,10,4,31,23,20
2021,11,10,4,31,39,19
2021,11,10,4,31,55,35
2021,11,10,4,32,11,35
2021,11,10,4,32,27,19
2021,11,10,4,32,43,19
2021,11,10,4,32,59,19
2021,11,10,4,33,15,19
2021,11,10,4,33,31,19
2021,11,10,4,33,47,20
2021,11,10,4,34,3,34
2021,11,10,4,34,19,35
2021,11,10,4,34,35,17
2021,11,10,4,34,51,659
2021,11,10,4,35,7,19
2021,11,10,4,35,23,659
2021,11,10,4,35,39,659
2021,11,10,4,35,55,672
2021,11,10,4,36,11,675
2021,11,10,4,36,27,663
2021,11,10,4,36,43,659
2021,11,10,4,36,59,659
2021,11,10,4,37,15,659
2021,11,10,4,37,31,659
2021,11,10,4,37,47,659
2021,11,10,4,38,3,673
2021,11,10,4,38,19,676
2021,11,10,4,38,35,659
2021,11,10,4,38,51,659
2021,11,10,4,39,7,660
2021,11,10,4,39,23,659
2021,11,10,4,39,39,659
2021,11,10,4,39,55,659
2021,11,10,4,40,11,674
2021,11,10,4,40,27,675
2021,11,10,4,40,43,657
2021,11,10,4,40,59,659
2021,11,10,4,41,15,659
2021,11,10,4,41,31,659
2021,11,10,4,41,47,659
2021,11,10,4,42,3,659
2021,11,10,4,42,19,673
2021,11,10,4,42,35,675
2021,11,10,4,42,51,659
2021,11,10,4,43,7,657
2021,11,10,4,43,23,659
2021,11,10,4,43,39,657
2021,11,10,4,43,55,662
2021,11,10,4,44,11,659
2021,11,10,4,44,27,673
2021,11,10,4,44,43,675
2021,11,10,4,44,59,657
2021,11,10,4,45,15,659
2021,11,10,4,45,31,659
2021,11,10,4,45,47,659
2021,11,10,4,46,3,659
2021,11,10,4,46,19,659
2021,11,10,4,46,35,675
2021,11,10,4,46,51,675
2021,11,10,4,47,7,659
2021,11,10,4,47,23,659
2021,11,10,4,47,39,659
2021,11,10,4,47,55,659
2021,11,10,4,48,11,658
2021,11,10,4,48,27,659
2021,11,10,4,48,43,674
2021,11,10,4,48,59,675
2021,11,10,4,49,15,659
2021,11,10,4,49,32,299
2021,11,10,4,49,48,299
2021,11,10,4,50,4,299
2021,11,10,4,50,20,299
2021,11,10,4,50,36,315
2021,11,10,4,50,52,316
2021,11,10,4,51,8,299
2021,11,10,4,51,24,299
2021,11,10,4,51,40,299
2021,11,10,4,51,56,299
2021,11,10,4,52,12,297
2021,11,10,4,52,28,299
2021,11,10,4,52,44,315
2021,11,10,4,53,0,326
2021,11,10,4,53,16,299
2021,11,10,4,53,32,299
2021,11,10,4,53,48,299
2021,11,10,4,54,4,299
2021,11,10,4,54,20,298
2021,11,10,4,54,36,299
2021,11,10,4,54,52,312
2021,11,10,4,55,8,315
2021,11,10,4,55,24,299
2021,11,10,4,55,40,299
2021,11,10,4,55,56,299
2021,11,10,4,56,12,299
2021,11,10,4,56,28,295
2021,11,10,4,56,44,299
2021,11,10,4,57,0,315
2021,11,10,4,57,16,315
2021,11,10,4,57,32,299
2021,11,10,4,57,48,299
2021,11,10,4,58,4,299
2021,11,10,4,58,20,299
2021,11,10,4,58,36,297
2021,11,10,4,58,52,300
2021,11,10,4,59,8,315
2021,11,10,4,59,24,314
2021,11,10,4,59,40,297
2021,11,10,4,59,56,299
2021,11,10,5,0,12,299
2021,11,10,5,0,28,299
2021,11,10,5,0,44,299
2021,11,10,5,1,0,299
2021,11,10,5,1,16,315
2021,11,10,5,1,32,315
2021,11,10,5,1,48,299
2021,11,10,5,2,4,299
2021,11,10,5,2,20,297
2021,11,10,5,2,36,299
2021,11,10,5,2,52,299
2021,11,10,5,3,8,299
2021,11,10,5,3,24,312
2021,11,10,5,3,40,315
2021,11,10,5,3,56,299
2021,11,10,5,4,12,939
2021,11,10,5,4,28,299
2021,11,10,5,4,44,939
2021,11,10,5,5,0,939
2021,11,10,5,5,16,955
2021,11,10,5,5,32,955
2021,11,10,5,5,48,939
2021,11,10,5,6,4,939
2021,11,10,5,6,20,938
2021,11,10,5,6,36,939
2021,11,10,5,6,52,939
2021,11,10,5,7,8,939
2021,11,10,5,7,24,952
2021,11,10,5,7,40,953
2021,11,10,5,7,56,939
2021,11,10,5,8,12,939
2021,11,10,5,8,28,939
2021,11,10,5,8,44,939
2021,11,10,5,9,0,939
2021,11,10,5,9,16,939
2021,11,10,5,9,32,951
2021,11,10,5,9,48,954
2021,11,10,5,10,4,939
2021,11,10,5,10,20,939
2021,11,10,5,10,36,939
2021,11,10,5,10,52,940
2021,11,10,5,11,8,940
2021,11,10,5,11,24,940
2021,11,10,5,11,40,955
2021,11,10,5,11,56,955
2021,11,10,5,12,12,939
2021,11,10,5,12,28,939
2021,11,10,5,12,44,937
2021,11,10,5,13,0,939
2021,11,10,5,13,16,939
2021,11,10,5,13,32,939
2021,11,10,5,13,48,955
2021,11,10,5,14,4,955
2021,11,10,5,14,20,939
2021,11,10,5,14,36,939
2021,11,10,5,14,52,939
2021,11,10,5,15,8,939
2021,11,10,5,15,24,939
2021,11,10,5,15,40,939
2021,11,10,5,15,56,953
2021,11,10,5,16,12,955
2021,11,10,5,16,28,939
2021,11,10,5,16,44,937
2021,11,10,5,17,0,939
2021,11,10,5,17,16,937
2021,11,10,5,17,32,939
2021,11,10,5,17,48,939
2021,11,10,5,18,4,955
2021,11,10,5,18,20,952
2021,11,10,5,18,36,939
2021,11,10,5,18,53,575
2021,11,10,5,19,9,579
2021,11,10,5,19,25,579
2021,11,10,5,19,41,579
2021,11,10,5,19,57,593
2021,11,10,5,20,13,595
2021,11,10,5,20,29,579
2021,11,10,5,20,45,579
2021,11,10,5,21,1,579
2021,11,10,5,21,17,579
2021,11,10,5,21,33,580
2021,11,10,5,21,49,579
2021,11,10,5,22,5,592
2021,11,10,5,22,21,595
2021,11,10,5,22,37,579
2021,11,10,5,22,53,578
2021,11,10,5,23,9,577
2021,11,10,5,23,25,579
2021,11,10,5,23,41,579
2021,11,10,5,23,57,580
2021,11,10,5,24,13,593
2021,11,10,5,24,29,603
2021,11,10,5,24,45,579
2021,11,10,5,25,1,579
2021,11,10,5,25,17,579
2021,11,10,5,25,33,579
2021,11,10,5,25,49,578
2021,11,10,5,26,5,580
2021,11,10,5,26,21,597
2021,11,10,5,26,37,595
2021,11,10,5,26,53,579
2021,11,10,5,27,9,580
2021,11,10,5,27,25,579
2021,11,10,5,27,41,579
2021,11,10,5,27,57,579
2021,11,10,5,28,13,579
2021,11,10,5,28,29,603
2021,11,10,5,28,45,595
2021,11,10,5,29,1,579
2021,11,10,5,29,17,579
2021,11,10,5,29,33,579
2021,11,10,5,29,49,579
2021,11,10,5,30,5,579
2021,11,10,5,30,21,578
2021,11,10,5,30,37,595
2021,11,10,5,30,53,595
2021,11,10,5,31,9,579
2021,11,10,5,31,25,578
2021,11,10,5,31,41,579
2021,11,10,5,31,57,579
2021,11,10,5,32,13,579
2021,11,10,5,32,29,579
2021,11,10,5,32,45,595
2021,11,10,5,33,1,595
2021,11,10,5,33,17,579
2021,11,10,5,33,33,579
2021,11,10,5,33,49,579
2021,11,10,5,34,6,219
2021,11,10,5,34,22,219
2021,11,10,5,34,38,232
2021,11,10,5,34,54,235
2021,11,10,5,35,10,219
2021,11,10,5,35,26,219
2021,11,10,5,35,42,219
2021,11,10,5,35,58,219
2021,11,10,5,36,14,218
2021,11,10,5,36,30,217
2021,11,10,5,36,46,234
2021,11,10,5,37,2,235
2021,11,10,5,37,18,223
2021,11,10,5,37,34,218
2021,11,10,5,37,50,219
2021,11,10,5,38,6,219
2021,11,10,5,38,22,219
2021,11,10,5,38,38,219
2021,11,10,5,38,54,233
2021,11,10,5,39,10,233
2021,11,10,5,39,26,219
2021,11,10,5,39,42,219
2021,11,10,5,39,58,218
2021,11,10,5,40,14,219
2021,11,10,5,40,30,220
2021,11,10,5,40,46,218
2021,11,10,5,41,2,233
2021,11,10,5,41,18,234
2021,11,10,5,41,34,219
2021,11,10,5,41,50,219
2021,11,10,5,42,6,219
2021,11,10,5,42,22,219
2021,11,10,5,42,38,219
2021,11,10,5,42,54,219
2021,11,10,5,43,10,233
2021,11,10,5,43,26,233
2021,11,10,5,43,42,219
2021,11,10,5,43,58,219
2021,11,10,5,44,14,219
2021,11,10,5,44,30,219
2021,11,10,5,44,46,219
2021,11,10,5,45,2,219
2021,11,10,5,45,18,233
2021,11,10,5,45,34,233
2021,11,10,5,45,50,219
2021,11,10,5,46,6,219
2021,11,10,5,46,22,219
2021,11,10,5,46,38,219
2021,11,10,5,46,54,219
2021,11,10,5,47,10,219
2021,11,10,5,47,26,233
2021,11,10,5,47,42,233
2021,11,10,5,47,58,232
2021,11,10,5,48,14,218
2021,11,10,5,48,30,220
2021,11,10,5,48,46,859
2021,11,10,5,49,2,859
2021,11,10,5,49,18,873
2021,11,10,5,49,34,875
2021,11,10,5,49,50,859
2021,11,10,5,50,6,859
2021,11,10,5,50,22,859
2021,11,10,5,50,38,859
2021,11,10,5,50,54,856
2021,11,10,5,51,10,859
2021,11,10,5,51,26,875
2021,11,10,5,51,42,875
2021,11,10,5,51,58,858
2021,11,10,5,52,14,860
2021,11,10,5,52,30,859
2021,11,10,5,52,46,859
2021,11,10,5,53,2,859
2021,11,10,5,53,18,859
2021,11,10,5,53,34,875
2021,11,10,5,53,50,872
2021,11,10,5,54,6,860
2021,11,10,5,54,22,859
2021,11,10,5,54,38,859
2021,11,10,5,54,54,859
2021,11,10,5,55,10,859
2021,11,10,5,55,26,859
2021,11,10,5,55,42,875
2021,11,10,5,55,58,875
2021,11,10,5,56,14,862
2021,11,10,5,56,30,859
2021,11,10,5,56,46,856
2021,11,10,5,57,2,858
2021,11,10,5,57,18,859
2021,11,10,5,57,34,859
2021,11,10,5,57,50,874
2021,11,10,5,58,6,875
2021,11,10,5,58,22,859
2021,11,10,5,58,38,860
2021,11,10,5,58,54,859
2021,11,10,5,59,10,857
2021,11,10,5,59,26,857
2021,11,10,5,59,42,859
2021,11,10,5,59,58,873
2021,11,10,6,0,14,875
2021,11,10,6,0,30,859
2021,11,10,6,0,46,857
2021,11,10,6,1,2,859
2021,11,10,6,1,18,859
2021,11,10,6,1,34,859
2021,11,10,6,1,50,859
2021,11,10,6,2,7,513
2021,11,10,6,2,22,875
2021,11,10,6,2,39,497
2021,11,10,6,2,55,499
2021,11,10,6,3,11,499
2021,11,10,6,3,27,499
2021,11,10,6,3,43,501
2021,11,10,6,3,59,514
2021,11,10,6,4,15,513
2021,11,10,6,4,31,499
2021,11,10,6,4,47,499
2021,11,10,6,5,3,499
2021,11,10,6,5,19,499
2021,11,10,6,5,35,499
2021,11,10,6,5,51,504
2021,11,10,6,6,7,515
2021,11,10,6,6,23,515
2021,11,10,6,6,39,499
2021,11,10,6,6,55,500
2021,11,10,6,7,11,499
2021,11,10,6,7,27,499
2021,11,10,6,7,43,499
2021,11,10,6,7,59,499
2021,11,10,6,8,15,515
2021,11,10,6,8,31,515
2021,11,10,6,8,47,499
2021,11,10,6,9,3,499
2021,11,10,6,9,19,499
2021,11,10,6,9,35,499
2021,11,10,6,9,51,499
2021,11,10,6,10,7,499
2021,11,10,6,10,23,514
2021,11,10,6,10,39,514
2021,11,10,6,10,55,499
2021,11,10,6,11,11,499
2021,11,10,6,11,27,499
2021,11,10,6,11,43,500
2021,11,10,6,11,59,499
2021,11,10,6,12,15,507
2021,11,10,6,12,31,523
2021,11,10,6,12,47,515
2021,11,10,6,13,3,499
2021,11,10,6,13,19,497
2021,11,10,6,13,35,499
2021,11,10,6,13,51,499
2021,11,10,6,14,7,498
2021,11,10,6,14,23,499
2021,11,10,6,14,39,515
2021,11,10,6,14,55,512
2021,11,10,6,15,11,500
2021,11,10,6,15,27,499
2021,11,10,6,15,43,499
2021,11,10,6,15,59,499
2021,11,10,6,16,15,499
2021,11,10,6,16,32,152
2021,11,10,6,16,48,154
2021,11,10,6,17,4,139
2021,11,10,6,17,20,139
2021,11,10,6,17,36,140
2021,11,10,6,17,52,138
2021,11,10,6,18,8,139
2021,11,10,6,18,24,139
2021,11,10,6,18,40,154
2021,11,10,6,18,56,167
2021,11,10,6,19,12,137
2021,11,10,6,19,28,137
2021,11,10,6,19,44,137
2021,11,10,6,20,0,139
2021,11,10,6,20,16,139
2021,11,10,6,20,32,139
2021,11,10,6,20,48,153
2021,11,10,6,21,4,152
2021,11,10,6,21,20,139
2021,11,10,6,21,36,139
2021,11,10,6,21,52,139
2021,11,10,6,22,8,139
2021,11,10,6,22,24,139
2021,11,10,6,22,40,139
2021,11,10,6,22,56,159
2021,11,10,6,23,12,154
2021,11,10,6,23,28,139
2021,11,10,6,23,44,139
2021,11,10,6,24,0,139
2021,11,10,6,24,16,139
2021,11,10,6,24,32,140
2021,11,10,6,24,48,140
2021,11,10,6,25,4,154
2021,11,10,6,25,20,154
2021,11,10,6,25,36,139
2021,11,10,6,25,52,139
2021,11,10,6,26,8,139
2021,11,10,6,26,24,139
2021,11,10,6,26,40,139
2021,11,10,6,26,56,139
2021,11,10,6,27,12,153
2021,11,10,6,27,28,154
2021,11,10,6,27,44,139
2021,11,10,6,28,0,138
2021,11,10,6,28,16,139
2021,11,10,6,28,32,139
2021,11,10,6,28,48,139
2021,11,10,6,29,4,139
2021,11,10,6,29,20,154
2021,11,10,6,29,36,170
2021,11,10,6,29,52,139
2021,11,10,6,30,8,137
2021,11,10,6,30,24,139
2021,11,10,6,30,40,139
2021,11,10,6,30,56,139
2021,11,10,6,31,12,795
2021,11,10,6,31,28,793
2021,11,10,6,31,44,798
2021,11,10,6,32,0,779
2021,11,10,6,32,16,779
2021,11,10,6,32,32,779
2021,11,10,6,32,48,779
2021,11,10,6,33,4,779
2021,11,10,6,33,20,795
2021,11,10,6,33,36,806
2021,11,10,6,33,52,780
2021,11,10,6,34,8,780
2021,11,10,6,34,24,779
2021,11,10,6,34,40,779
2021,11,10,6,34,56,778
2021,11,10,6,35,12,779
2021,11,10,6,35,28,794
2021,11,10,6,35,44,795
2021,11,10,6,36,0,779
2021,11,10,6,36,16,779
2021,11,10,6,36,32,779
2021,11,10,6,36,48,779
2021,11,10,6,37,4,779
2021,11,10,6,37,20,779
2021,11,10,6,37,36,795
2021,11,10,6,37,52,795
2021,11,10,6,38,8,779
2021,11,10,6,38,24,779
2021,11,10,6,38,40,779
2021,11,10,6,38,56,779
2021,11,10,6,39,12,779
2021,11,10,6,39,28,779
2021,11,10,6,39,44,795
2021,11,10,6,40,0,795
2021,11,10,6,40,16,780
2021,11,10,6,40,32,779
2021,11,10,6,40,48,778
2021,11,10,6,41,4,779
2021,11,10,6,41,20,780
2021,11,10,6,41,36,779
2021,11,10,6,41,52,794
2021,11,10,6,42,8,795
2021,11,10,6,42,24,777
2021,11,10,6,42,40,779
2021,11,10,6,42,56,779
2021,11,10,6,43,12,779
2021,11,10,6,43,28,779
2021,11,10,6,43,44,779
2021,11,10,6,44,0,793
2021,11,10,6,44,16,795
2021,11,10,6,44,32,779
2021,11,10,6,44,48,779
2021,11,10,6,45,4,779
2021,11,10,6,45,20,777
2021,11,10,6,45,36,779
2021,11,10,6,45,52,777
2021,11,10,6,46,9,435
2021,11,10,6,46,24,792
2021,11,10,6,46,41,419
2021,11,10,6,46,57,419
2021,11,10,6,47,13,419
2021,11,10,6,47,29,419
2021,11,10,6,47,45,419
2021,11,10,6,48,1,432
2021,11,10,6,48,17,435
2021,11,10,6,48,33,419
2021,11,10,6,48,49,419
2021,11,10,6,49,5,419
2021,11,10,6,49,21,419
2021,11,10,6,49,37,418
2021,11,10,6,49,53,423
2021,11,10,6,50,9,435
2021,11,10,6,50,25,435
2021,11,10,6,50,41,419
2021,11,10,6,50,57,419
2021,11,10,6,51,13,420
2021,11,10,6,51,29,420
2021,11,10,6,51,45,419
2021,11,10,6,52,1,418
2021,11,10,6,52,17,435
2021,11,10,6,52,33,435
2021,11,10,6,52,49,419
2021,11,10,6,53,5,419
2021,11,10,6,53,21,419
2021,11,10,6,53,37,423
2021,11,10,6,53,53,419
2021,11,10,6,54,9,419
2021,11,10,6,54,25,435
2021,11,10,6,54,41,435
2021,11,10,6,54,57,419
2021,11,10,6,55,13,419
2021,11,10,6,55,29,419
2021,11,10,6,55,45,419
2021,11,10,6,56,1,419
2021,11,10,6,56,17,419
2021,11,10,6,56,33,432
2021,11,10,6,56,49,435
2021,11,10,6,57,5,419
2021,11,10,6,57,21,419
2021,11,10,6,57,37,419
2021,11,10,6,57,53,419
2021,11,10,6,58,9,425
2021,11,10,6,58,25,419
2021,11,10,6,58,41,435
2021,11,10,6,58,57,435
2021,11,10,6,59,13,419
2021,11,10,6,59,29,419
2021,11,10,6,59,45,423
2021,11,10,7,0,1,419
2021,11,10,7,0,17,423
2021,11,10,7,0,33,419
2021,11,10,7,0,50,75
2021,11,10,7,1,5,435
2021,11,10,7,1,22,59
2021,11,10,7,1,38,59
2021,11,10,7,1,54,59
2021,11,10,7,2,10,59
2021,11,10,7,2,26,57
2021,11,10,7,2,42,75
2021,11,10,7,2,58,79
2021,11,10,7,3,14,59
2021,11,10,7,3,30,59
2021,11,10,7,3,46,59
2021,11,10,7,4,2,61
2021,11,10,7,4,18,59
2021,11,10,7,4,34,59
2021,11,10,7,4,50,75
2021,11,10,7,5,6,75
2021,11,10,7,5,22,59
2021,11,10,7,5,38,59
2021,11,10,7,5,54,59
2021,11,10,7,6,10,59
2021,11,10,7,6,26,62
2021,11,10,7,6,42,63
2021,11,10,7,6,58,75
2021,11,10,7,7,14,79
2021,11,10,7,7,30,59
2021,11,10,7,7,46,63
2021,11,10,7,8,2,59
2021,11,10,7,8,18,59
2021,11,10,7,8,34,59
2021,11,10,7,8,50,58
2021,11,10,7,9,6,75
2021,11,10,7,9,22,75
2021,11,10,7,9,38,59
2021,11,10,7,9,54,59
2021,11,10,7,10,10,61
2021,11,10,7,10,26,59
2021,11,10,7,10,42,59
2021,11,10,7,10,58,67
2021,11,10,7,11,14,87
2021,11,10,7,11,30,78
2021,11,10,7,11,46,59
2021,11,10,7,12,2,59
2021,11,10,7,12,18,59
2021,11,10,7,12,34,59
2021,11,10,7,12,50,59
2021,11,10,7,13,6,59
2021,11,10,7,13,22,75
2021,11,10,7,13,38,73
2021,11,10,7,13,54,59
2021,11,10,7,14,10,58
2021,11,10,7,14,26,59
2021,11,10,7,14,42,62
2021,11,10,7,14,58,59
2021,11,10,7,15,14,715
2021,11,10,7,15,30,715
2021,11,10,7,15,46,699
2021,11,10,7,16,2,699
2021,11,10,7,16,18,696
2021,11,10,7,16,34,699
2021,11,10,7,16,50,702
2021,11,10,7,17,6,699
2021,11,10,7,17,22,714
2021,11,10,7,17,38,715
2021,11,10,7,17,54,699
2021,11,10,7,18,10,699
2021,11,10,7,18,26,706
2021,11,10,7,18,42,699
2021,11,10,7,18,58,699
2021,11,10,7,19,14,700
2021,11,10,7,19,30,715
2021,11,10,7,19,46,712
2021,11,10,7,20,2,699
2021,11,10,7,20,18,699
2021,11,10,7,20,34,703
2021,11,10,7,20,50,699
2021,11,10,7,21,6,699
2021,11,10,7,21,22,707
2021,11,10,7,21,38,720
2021,11,10,7,21,54,715
2021,11,10,7,22,10,699
2021,11,10,7,22,26,699
2021,11,10,7,22,42,699
2021,11,10,7,22,58,699
2021,11,10,7,23,14,699
2021,11,10,7,23,30,698
2021,11,10,7,23,46,718
2021,11,10,7,24,2,715
2021,11,10,7,24,18,702
2021,11,10,7,24,34,700
2021,11,10,7,24,50,699
2021,11,10,7,25,6,699
2021,11,10,7,25,22,699
2021,11,10,7,25,38,700
2021,11,10,7,25,54,715
2021,11,10,7,26,10,715
2021,11,10,7,26,26,702
2021,11,10,7,26,42,699
2021,11,10,7,26,58,698
2021,11,10,7,27,14,699
2021,11,10,7,27,30,697
2021,11,10,7,27,46,699
2021,11,10,7,28,2,713
2021,11,10,7,28,18,715
2021,11,10,7,28,34,700
2021,11,10,7,28,50,700
2021,11,10,7,29,6,710
2021,11,10,7,29,22,699
2021,11,10,7,29,38,699
2021,11,10,7,29,54,699
2021,11,10,7,30,11,354
2021,11,10,7,30,27,339
2021,11,10,7,30,43,342
2021,11,10,7,30,59,342
2021,11,10,7,31,15,339
2021,11,10,7,31,31,342
2021,11,10,7,31,47,339
2021,11,10,7,32,3,355
2021,11,10,7,32,19,363
2021,11,10,7,32,35,339
2021,11,10,7,32,51,343
2021,11,10,7,33,7,339
2021,11,10,7,33,23,343
2021,11,10,7,33,39,337
2021,11,10,7,33,55,339
2021,11,10,7,34,11,352
2021,11,10,7,34,27,355
2021,11,10,7,34,43,354
2021,11,10,7,34,59,342
2021,11,10,7,35,15,343
2021,11,10,7,35,31,340
2021,11,10,7,35,47,339
2021,11,10,7,36,3,339
2021,11,10,7,36,19,354
2021,11,10,7,36,35,355
2021,11,10,7,36,51,339
2021,11,10,7,37,7,339
2021,11,10,7,37,23,338
2021,11,10,7,37,39,339
2021,11,10,7,37,55,339
2021,11,10,7,38,11,339
2021,11,10,7,38,27,355
2021,11,10,7,38,43,358
2021,11,10,7,38,59,342
2021,11,10,7,39,15,339
2021,11,10,7,39,31,339
2021,11,10,7,39,47,339
2021,11,10,7,40,3,342
2021,11,10,7,40,19,339
2021,11,10,7,40,35,355
2021,11,10,7,40,51,355
2021,11,10,7,41,7,343
2021,11,10,7,41,23,339
2021,11,10,7,41,39,339
2021,11,10,7,41,55,339
2021,11,10,7,42,11,339
2021,11,10,7,42,27,343
2021,11,10,7,42,43,355
2021,11,10,7,42,59,355
2021,11,10,7,43,15,339
2021,11,10,7,43,31,339
2021,11,10,7,43,47,339
2021,11,10,7,44,3,983
2021,11,10,7,44,19,979
2021,11,10,7,44,35,995
2021,11,10,7,44,51,995
2021,11,10,7,45,7,982
2021,11,10,7,45,23,982
2021,11,10,7,45,39,978
2021,11,10,7,45,55,979
2021,11,10,7,46,11,979
2021,11,10,7,46,27,979
2021,11,10,7,46,43,995
2021,11,10,7,46,59,999
2021,11,10,7,47,15,982
2021,11,10,7,47,31,979
2021,11,10,7,47,47,979
2021,11,10,7,48,3,983
2021,11,10,7,48,19,979
2021,11,10,7,48,35,978
2021,11,10,7,48,51,995
2021,11,10,7,49,7,995
2021,11,10,7,49,23,979
2021,11,10,7,49,39,979
2021,11,10,7,49,55,983
2021,11,10,7,50,11,979
2021,11,10,7,50,27,979
2021,11,10,7,50,43,979
2021,11,10,7,50,59,991
2021,11,10,7,51,15,995
2021,11,10,7,51,31,979
2021,11,10,7,51,48,619
2021,11,10,7,52,3,979
2021,11,10,7,52,19,981
2021,11,10,7,52,35,979
2021,11,10,7,52,51,982
2021,11,10,7,53,7,994
2021,11,10,7,53,23,995
2021,11,10,7,53,39,979
2021,11,10,7,53,55,979
2021,11,10,7,54,11,979
2021,11,10,7,54,27,979
2021,11,10,7,54,43,987
2021,11,10,7,54,59,979
2021,11,10,7,55,15,995
2021,11,10,7,55,31,991
2021,11,10,7,55,47,979
2021,11,10,7,56,3,979
2021,11,10,7,56,19,976
2021,11,10,7,56,35,977
2021,11,10,7,56,51,980
2021,11,10,7,57,7,983
2021,11,10,7,57,23,994
2021,11,10,7,57,39,991
2021,11,10,7,57,56,631
2021,11,10,7,58,11,982
2021,11,10,7,58,28,622
2021,11,10,7,58,44,619
2021,11,10,7,59,0,619
2021,11,10,7,59,16,634
2021,11,10,7,59,32,635
2021,11,10,7,59,48,623
2021,11,10,8,0,4,622
2021,11,10,8,0,20,622
2021,11,10,8,0,36,623
2021,11,10,8,0,52,619
2021,11,10,8,1,8,619
2021,11,10,8,1,24,635
2021,11,10,8,1,40,635
2021,11,10,8,1,56,619
2021,11,10,8,2,12,619
2021,11,10,8,2,28,623
2021,11,10,8,2,44,619
2021,11,10,8,3,0,623
2021,11,10,8,3,16,619
2021,11,10,8,3,32,635
2021,11,10,8,3,48,631
2021,11,10,8,4,4,619
2021,11,10,8,4,20,623
2021,11,10,8,4,36,619
2021,11,10,8,4,52,620
2021,11,10,8,5,8,622
2021,11,10,8,5,24,622
2021,11,10,8,5,40,634
2021,11,10,8,5,56,635
2021,11,10,8,6,12,619
2021,11,10,8,6,28,619
2021,11,10,8,6,44,619
2021,11,10,8,7,0,622
2021,11,10,8,7,16,619
2021,11,10,8,7,32,619
2021,11,10,8,7,48,635
2021,11,10,8,8,4,635
2021,11,10,8,8,20,619
2021,11,10,8,8,36,619
2021,11,10,8,8,52,623
2021,11,10,8,9,8,623
2021,11,10,8,9,24,619
2021,11,10,8,9,40,627
2021,11,10,8,9,56,642
2021,11,10,8,10,12,635
2021,11,10,8,10,28,619
2021,11,10,8,10,44,620
2021,11,10,8,11,0,619
2021,11,10,8,11,16,620
2021,11,10,8,11,32,619
2021,11,10,8,11,48,619
2021,11,10,8,12,4,635
2021,11,10,8,12,20,635
2021,11,10,8,12,37,259
2021,11,10,8,12,52,623
2021,11,10,8,13,9,259
2021,11,10,8,13,25,259
2021,11,10,8,13,41,262
2021,11,10,8,13,57,275
2021,11,10,8,14,13,275
2021,11,10,8,14,29,257
2021,11,10,8,14,45,259
2021,11,10,8,15,1,259
2021,11,10,8,15,17,259
2021,11,10,8,15,33,259
2021,11,10,8,15,49,259
2021,11,10,8,16,5,275
2021,11,10,8,16,21,275
2021,11,10,8,16,37,259
2021,11,10,8,16,53,259
2021,11,10,8,17,9,259
2021,11,10,8,17,25,260
2021,11,10,8,17,41,259
2021,11,10,8,17,57,259
2021,11,10,8,18,13,273
2021,11,10,8,18,29,279
2021,11,10,8,18,45,259
2021,11,10,8,19,1,259
2021,11,10,8,19,17,259
2021,11,10,8,19,33,259
2021,11,10,8,19,49,259
2021,11,10,8,20,5,259
2021,11,10,8,20,21,274
2021,11,10,8,20,37,286
2021,11,10,8,20,53,259
2021,11,10,8,21,9,261
2021,11,10,8,21,25,259
2021,11,10,8,21,41,259
2021,11,10,8,21,57,262
2021,11,10,8,22,13,262
2021,11,10,8,22,29,275
2021,11,10,8,22,45,275
2021,11,10,8,23,1,259
2021,11,10,8,23,17,259
2021,11,10,8,23,33,259
2021,11,10,8,23,49,259
2021,11,10,8,24,5,259
2021,11,10,8,24,21,259
2021,11,10,8,24,37,272
2021,11,10,8,24,53,275
2021,11,10,8,25,9,261
2021,11,10,8,25,25,262
2021,11,10,8,25,41,261
2021,11,10,8,25,57,260
2021,11,10,8,26,13,259
2021,11,10,8,26,29,262
2021,11,10,8,26,45,275
2021,11,10,8,27,1,274
2021,11,10,8,27,17,259
2021,11,10,8,27,33,259
2021,11,10,8,27,49,899
2021,11,10,8,28,5,902
2021,11,10,8,28,21,899
2021,11,10,8,28,37,915
2021,11,10,8,28,53,914
2021,11,10,8,29,9,899
2021,11,10,8,29,25,899
2021,11,10,8,29,41,899
2021,11,10,8,29,57,899
2021,11,10,8,30,13,899
2021,11,10,8,30,29,899
2021,11,10,8,30,45,915
2021,11,10,8,31,1,915
2021,11,10,8,31,17,899
2021,11,10,8,31,33,899
2021,11,10,8,31,49,902
2021,11,10,8,32,5,899
2021,11,10,8,32,21,899
2021,11,10,8,32,37,900
2021,11,10,8,32,53,914
2021,11,10,8,33,9,915
2021,11,10,8,33,25,906
2021,11,10,8,33,41,902
2021,11,10,8,33,57,900
2021,11,10,8,34,13,898
2021,11,10,8,34,29,899
2021,11,10,8,34,45,899
2021,11,10,8,35,1,915
2021,11,10,8,35,17,915
2021,11,10,8,35,33,899
2021,11,10,8,35,49,899
2021,11,10,8,36,5,899
2021,11,10,8,36,21,899
2021,11,10,8,36,37,899
2021,11,10,8,36,53,903
2021,11,10,8,37,9,915
2021,11,10,8,37,25,915
2021,11,10,8,37,41,901
2021,11,10,8,37,57,902
2021,11,10,8,38,13,899
2021,11,10,8,38,29,901
2021,11,10,8,38,45,899
2021,11,10,8,39,1,899
2021,11,10,8,39,17,915
2021,11,10,8,39,33,915
2021,11,10,8,39,49,899
2021,11,10,8,40,5,899
2021,11,10,8,40,21,899
2021,11,10,8,40,37,903
2021,11,10,8,40,53,899
2021,11,10,8,41,9,899
2021,11,10,8,41,25,915
2021,11,10,8,41,41,915
2021,11,10,8,41,57,899
2021,11,10,8,42,14,543
2021,11,10,8,42,30,539
2021,11,10,8,42,46,539
2021,11,10,8,43,2,538
2021,11,10,8,43,18,551
2021,11,10,8,43,34,555
2021,11,10,8,43,50,539
2021,11,10,8,44,6,539
2021,11,10,8,44,22,539
2021,11,10,8,44,38,539
2021,11,10,8,44,54,539
2021,11,10,8,45,10,539
2021,11,10,8,45,26,555
2021,11,10,8,45,42,555
2021,11,10,8,45,58,539
2021,11,10,8,46,14,539
2021,11,10,8,46,30,539
2021,11,10,8,46,46,539
2021,11,10,8,47,2,538
2021,11,10,8,47,18,539
2021,11,10,8,47,34,554
2021,11,10,8,47,50,552
2021,11,10,8,48,6,543
2021,11,10,8,48,22,539
2021,11,10,8,48,38,539
2021,11,10,8,48,54,543
2021,11,10,8,49,10,541
2021,11,10,8,49,26,542
2021,11,10,8,49,42,553
2021,11,10,8,49,58,559
2021,11,10,8,50,14,539
2021,11,10,8,50,30,539
2021,11,10,8,50,46,539
2021,11,10,8,51,2,542
2021,11,10,8,51,18,539
2021,11,10,8,51,34,539
2021,11,10,8,51,50,555
2021,11,10,8,52,6,551
2021,11,10,8,52,22,538
2021,11,10,8,52,38,539
2021,11,10,8,52,54,539
2021,11,10,8,53,10,539
2021,11,10,8,53,26,539
2021,11,10,8,53,42,538
2021,11,10,8,53,58,555
2021,11,10,8,54,14,555
2021,11,10,8,54,30,538
2021,11,10,8,54,46,539
2021,11,10,8,55,2,539
2021,11,10,8,55,18,539
2021,11,10,8,55,34,539
2021,11,10,8,55,50,539
2021,11,10,8,56,6,555
2021,11,10,8,56,22,555
2021,11,10,8,56,38,539
2021,11,10,8,56,54,539
2021,11,10,8,57,11,179
2021,11,10,8,57,27,179
2021,11,10,8,57,43,180
2021,11,10,8,57,59,191
2021,11,10,8,58,15,194
2021,11,10,8,58,31,183
2021,11,10,8,58,47,179
2021,11,10,8,59,3,179
2021,11,10,8,59,19,178
2021,11,10,8,59,35,179
2021,11,10,8,59,51,179
2021,11,10,9,0,7,195
2021,11,10,9,0,23,195
2021,11,10,9,0,39,180
2021,11,10,9,0,55,179
2021,11,10,9,1,11,179
2021,11,10,9,1,27,179
2021,11,10,9,1,43,177
2021,11,10,9,1,59,179
2021,11,10,9,2,15,195
2021,11,10,9,2,31,195
2021,11,10,9,2,47,179
2021,11,10,9,3,3,179
2021,11,10,9,3,19,179
2021,11,10,9,3,35,178
2021,11,10,9,3,51,179
2021,11,10,9,4,7,182
2021,11,10,9,4,23,191
2021,11,10,9,4,39,195
2021,11,10,9,4,55,179
2021,11,10,9,5,11,175
2021,11,10,9,5,27,179
2021,11,10,9,5,43,179
2021,11,10,9,5,59,179
2021,11,10,9,6,15,182
2021,11,10,9,6,31,194
2021,11,10,9,6,47,195
2021,11,10,9,7,3,179
2021,11,10,9,7,19,179
2021,11,10,9,7,35,179
2021,11,10,9,7,51,179
2021,11,10,9,8,7,179
2021,11,10,9,8,23,179
2021,11,10,9,8,39,195
2021,11,10,9,8,55,193
2021,11,10,9,9,11,179
2021,11,10,9,9,27,179
2021,11,10,9,9,43,183
2021,11,10,9,9,59,179
2021,11,10,9,10,15,179
2021,11,10,9,10,31,179
2021,11,10,9,10,47,191
2021,11,10,9,11,3,194
2021,11,10,9,11,19,819
2021,11,10,9,11,35,819
2021,11,10,9,11,51,819
2021,11,10,9,12,7,819
2021,11,10,9,12,23,819
2021,11,10,9,12,39,833
2021,11,10,9,12,55,835
2021,11,10,9,13,11,823
2021,11,10,9,13,27,819
2021,11,10,9,13,43,823
2021,11,10,9,13,59,819
2021,11,10,9,14,15,819
2021,11,10,9,14,31,819
2021,11,10,9,14,47,835
2021,11,10,9,15,3,835
2021,11,10,9,15,19,823
2021,11,10,9,15,35,821
2021,11,10,9,15,51,822
2021,11,10,9,16,7,819
2021,11,10,9,16,23,819
2021,11,10,9,16,39,819
2021,11,10,9,16,55,831
2021,11,10,9,17,11,834
2021,11,10,9,17,27,819
2021,11,10,9,17,43,819
2021,11,10,9,17,59,816
2021,11,10,9,18,15,819
2021,11,10,9,18,31,823
2021,11,10,9,18,47,818
2021,11,10,9,19,3,834
2021,11,10,9,19,19,835
2021,11,10,9,19,35,819
2021,11,10,9,19,51,823
2021,11,10,9,20,7,819
2021,11,10,9,20,23,818
2021,11,10,9,20,39,819
2021,11,10,9,20,55,819
2021,11,10,9,21,11,835
2021,11,10,9,21,27,835
2021,11,10,9,21,43,819
2021,11,10,9,21,59,823
2021,11,10,9,22,15,819
2021,11,10,9,22,31,820
2021,11,10,9,22,47,819
2021,11,10,9,23,3,819
2021,11,10,9,23,19,835
2021,11,10,9,23,35,835
2021,11,10,9,23,51,819
2021,11,10,9,24,7,819
2021,11,10,9,24,23,819
2021,11,10,9,24,39,827
2021,11,10,9,24,55,820
2021,11,10,9,25,12,475
2021,11,10,9,25,27,833
2021,11,10,9,25,44,457
2021,11,10,9,26,0,459
2021,11,10,9,26,16,459
2021,11,10,9,26,32,459
2021,11,10,9,26,48,459
2021,11,10,9,27,4,459
2021,11,10,9,27,20,471
2021,11,10,9,27,36,475
2021,11,10,9,27,52,460
2021,11,10,9,28,8,459
2021,11,10,9,28,24,459
2021,11,10,9,28,40,459
2021,11,10,9,28,56,458
2021,11,10,9,29,12,477
2021,11,10,9,29,28,475
2021,11,10,9,29,44,475
2021,11,10,9,30,0,467
2021,11,10,9,30,16,461
2021,11,10,9,30,32,459
2021,11,10,9,30,48,460
2021,11,10,9,31,4,459
2021,11,10,9,31,20,460
2021,11,10,9,31,36,471
2021,11,10,9,31,52,475
2021,11,10,9,32,8,459
2021,11,10,9,32,24,459
2021,11,10,9,32,40,459
2021,11,10,9,32,56,459
2021,11,10,9,33,12,459
2021,11,10,9,33,28,460
2021,11,10,9,33,44,474
2021,11,10,9,34,0,475
2021,11,10,9,34,16,460
2021,11,10,9,34,32,459
2021,11,10,9,34,48,459
2021,11,10,9,35,4,459
2021,11,10,9,35,20,459
2021,11,10,9,35,36,462
2021,11,10,9,35,52,475
2021,11,10,9,36,8,471
2021,11,10,9,36,24,459
2021,11,10,9,36,40,459
2021,11,10,9,36,56,459
2021,11,10,9,37,12,459
2021,11,10,9,37,28,459
2021,11,10,9,37,44,459
2021,11,10,9,38,0,475
2021,11,10,9,38,16,479
2021,11,10,9,38,32,462
2021,11,10,9,38,49,107
2021,11,10,9,39,4,459
2021,11,10,9,39,21,98
2021,11,10,9,39,36,459
2021,11,10,9,39,53,111
2021,11,10,9,40,9,114
2021,11,10,9,40,25,103
2021,11,10,9,40,41,107
2021,11,10,9,40,57,98
2021,11,10,9,41,13,99
2021,11,10,9,41,29,99
2021,11,10,9,41,45,99
2021,11,10,9,42,1,114
2021,11,10,9,42,17,115
2021,11,10,9,42,33,103
2021,11,10,9,42,49,98
2021,11,10,9,43,5,99
2021,11,10,9,43,21,99
2021,11,10,9,43,37,99
2021,11,10,9,43,53,119
2021,11,10,9,44,9,111
2021,11,10,9,44,25,115
2021,11,10,9,44,41,99
2021,11,10,9,44,57,99
2021,11,10,9,45,13,99
2021,11,10,9,45,29,99
2021,11,10,9,45,45,99
2021,11,10,9,46,1,99
2021,11,10,9,46,17,115
2021,11,10,9,46,33,116
2021,11,10,9,46,49,104
2021,11,10,9,47,5,99
2021,11,10,9,47,21,99
2021,11,10,9,47,37,116
2021,11,10,9,47,53,97
2021,11,10,9,48,9,99
2021,11,10,9,48,25,115
2021,11,10,9,48,41,115
2021,11,10,9,48,57,99
2021,11,10,9,49,13,103
2021,11,10,9,49,29,98
2021,11,10,9,49,45,100
2021,11,10,9,50,1,102
2021,11,10,9,50,17,99
2021,11,10,9,50,33,115
2021,11,10,9,50,49,115
2021,11,10,9,51,5,99
2021,11,10,9,51,21,99
2021,11,10,9,51,37,99
2021,11,10,9,51,53,99
2021,11,10,9,52,9,99
2021,11,10,9,52,25,99
2021,11,10,9,52,41,115
2021,11,10,9,52,57,115
2021,11,10,9,53,13,99
2021,11,10,9,53,29,99
2021,11,10,9,53,45,99
2021,11,10,9,54,1,739
2021,11,10,9,54,17,98
2021,11,10,9,54,33,751
2021,11,10,9,54,49,755
2021,11,10,9,55,5,739
2021,11,10,9,55,21,739
2021,11,10,9,55,37,739
2021,11,10,9,55,53,739
2021,11,10,9,56,9,737
2021,11,10,9,56,25,739
2021,11,10,9,56,41,752
2021,11,10,9,56,57,755
2021,11,10,9,57,13,739
2021,11,10,9,57,29,739
2021,11,10,9,57,45,739
2021,11,10,9,58,1,739
2021,11,10,9,58,17,741
2021,11,10,9,58,33,739
2021,11,10,9,58,49,753
2021,11,10,9,59,5,755
2021,11,10,9,59,21,740
2021,11,10,9,59,37,739
2021,11,10,9,59,53,739
2021,11,10,10,0,9,739
2021,11,10,10,0,25,743
2021,11,10,10,0,41,739
2021,11,10,10,0,57,751
2021,11,10,10,1,13,753
2021,11,10,10,1,29,739
