1857
2498
1219
1836
1831
1847
2488
568
1208
1876
1847
1833
2472
1208
1850
1848
1857
2490
1217
1192
1836
2487
1847
1860
2490
1218
1194
1832
2492
2490
568
1207
1859
2486
2474
2472
1207
1208
1847
2501
3129
579
2471
1832
1849
2488
567
1218
1214
1848
1831
3112
1208
1207
1848
2499
2489
1217
1193
1192
1848
2488
1210
1207
1858
1850
2470
2472
1208
1848
1847
1857
2487
1218
1832
1207
1848
1848
2498
2487
1210
1191
1833
1848
2488
1208
628
1217
1847
2473
3117
1203
1208
1849
1648
2490
1218
1191
1192
1848
2488
1208
1207
1214
1851
2476
2472
1208
1208
1848
1860
2487
1209
1843
1832
1840
2493
243
1208
1859
1848
1762
2477
1211
1847
1851
2498
2484
1221
1191
1208
2490
1266
1858
2488
1219
1192
1832
2488
2490
568
1209
1858
2491
2472
2472
1208
1208
1848
2498
2488
578
1193
1842
1848
2488
568
1206
1220
1849
2476
3114
1199
1208
1848
1653
2496
1218
1192
1833
1848
2489
1208
1208
1858
1848
2473
2472
1208
1208
1848
1856
2489
1221
1832
1211
1848
1848
2498
2489
1218
1192
1834
1848
1849
1209
1205
1217
1848
2472
3108
1208
1200
1848
2501
2488
1218
1192
1835
1849
2488
1208
626
1218
1848
2472
3112
1208
1207
1848
1858
2507
1219
1832
2472
1844
2488
2498
1208
1858
1850
1833
2472
1209
1848
1847
2501
2488
2472
2472
1208
1847
1840
2498
2488
1218
1192
1832
2488
2488
569
1208
1858
1848
2474
3115
500
1208
1851
2494
2491
1220
1189
1832
1848
2488
1208
1210
1218
1848
2475
2475
1208
1208
1849
2498
2490
1218
1192
1187
1845
2488
1208
1208
1218
1851
2473
2488
2488
564
1211
1859
1848
2472
3111
497
1207
1843
2498
3128
578
1192
1832
2491
2488
568
1208
1218
1847
2472
3116
1210
1217
1848
2500
2488
1220
1192
1192
1845
2488
1208
1208
1218
1848
2472
2473
1209
1208
1851
1858
2489
1218
1195
1193
1848
1849
1208
2050
579
1195
1834
1848
2490
1209
1208
1219
1851
2475
3113
1208
1206
1848
2510
2488
1219
1194
1835
1849
2487
1209
1208
1218
1848
2474
3114
1208
1208
1849
2498
2494
1218
1195
1196
1849
2489
1207
1208
1857
1849
2475
2473
1211
1849
1256
1859
2489
1216
1195
1833
2489
2488
568
1208
1862
2489
1832
1846
2489
568
1209
1859
2488
2472
2472
1208
880
1848
2501
2487
579
1192
1833
2488
2488
568
1209
1858
1847
2475
3112
568
1208
1848
2486
2488
1220
1193
1122
1849
2489
1208
1208
1860
1848
2473
2472
1219
1848
1848
1859
2490
1216
1191
1832
2486
2489
568
1208
1859
1410
1832
1848
2489
570
1208
1858
2491
2473
2474
1208
885
1850
2494
2488
581
1193
1832
2488
2489
2498
1209
1009
1848
2475
3112
1210
1208
1848
2498
2490
1219
1197
1127
1849
2488
1208
1208
1858
1848
2475
2473
1208
1211
1848
1858
2488
1219
1832
1832
1848
2488
1211
1208
1219
1193
1833
1848
2488
1210
1208
1219
1849
2473
3113
1208
1208
1848
2498
2488
1218
1194
1123
1850
2490
1208
1208
1218
1845
2466
3113
1208
1208
1848
1858
2490
1218
1194
1195
1849
2489
1212
1208
1858
1849
2473
2472
1214
1848
1852
1855
2485
1218
1196
1833
2506
2483
568
1209
1858
1410
1833
1849
2488
568
1208
1858
2490
2472
2472
1208
886
1848
2501
2488
578
1192
1832
2488
2488
569
1208
1011
1848
2474
3112
1208
1210
1849
2498
2489
1218
1192
1193
1848
2488
1208
1208
1218
1848
2475
2147
1208
1208
1851
1858
2487
1220
1192
568
1850
2489
1209
2052
1218
1195
1832
1849
2489
569
1209
1225
1848
2474
3112
568
1208
1848
2499
2488
1218
1208
1834
1848
2490
1208
1208
1221
1848
2473
3112
1208
1210
1848
2499
2488
1210
1195
1124
1848
2488
1208
1208
1220
1849
2474
2472
1208
1847
1849
1850
2488
1218
1192
1832
2488
2488
568
1208
1850
1832
1832
1848
2488
568
1208
1858
2496
2472
2475
1210
1848
1852
2499
2488
370
1195
1834
2488
2488
568
1211
1859
2491
2472
2472
1209
883
1849
2496
2490
577
1194
1831
2488
1906
568
1211
1865
2485
2472
2473
1208
1848
1848
2500
2491
1218
1193
1833
2488
2488
568
1209
1860
1832
1832
1848
2488
569
1208
1859
2486
2472
2472
1205
884
1893
2498
1848
578
1193
1834
2488
2490
564
1209
1219
1845
2470
3112
1208
1849
1845
2524
2488
1219
1192
1192
1844
2488
1211
1208
1859
1850
2472
2472
1209
1849
1851
1858
2488
1219
1192
1832
2488
1848
1860
2050
1217
1192
1832
1848
2488
564
1208
1858
2488
2472
2472
1208
1208
1848
2494
2488
580
1194
1832
2488
2488
568
1208
1858
1844
2472
2473
1210
1208
1848
2498
2487
578
1193
1833
2489
2476
568
1211
1859
1848
2474
2472
1208
1208
1848
2498
2489
579
2464
1834
1848
1850
1859
2488
1218
1194
1833
2488
2488
568
1216
1860
1848
2472
2472
1207
1208
1848
2498
3128
578
1192
1832
1848
2489
1208
1208
1218
1850
2473
3112
1208
1208
1848
1859
2488
1218
1833
1832
1848
2490
569
1208
1856
1848
1835
2473
1208
1848
1850
2498
2488
2473
2473
1208
1848
1848
1858
2489
1218
1192
1832
2488
2484
569
1209
1860
1848
2473
2472
1208
1208
1848
2498
3128
578
1192
1832
1849
2488
1208
1208
1220
1848
2472
3113
1208
1208
1852
2497
2488
1220
1192
1122
1848
2488
1208
1208
1218
1848
2475
2148
1208
1208
1847
1858
2488
1218
1192
572
1207
1849
2498
3128
578
1192
1835
1848
2488
568
1209
1218
1848
2472
3131
568
1208
1852
2500
2051
581
1192
1832
1848
2488
1208
1207
1218
1847
2474
3112
1208
1208
1850
1858
2488
1217
1817
1833
1848
2488
568
1208
1861
1847
1832
2473
1208
1851
1850
2499
2489
578
2472
1208
1850
1849
1862
2486
1220
1196
1832
2489
1906
568
1208
1850
1848
2474
3096
2488
1208
1848
2498
3137
578
1192
1832
2488
2488
1203
1858
1218
1850
2472
3112
1208
1209
1848
2498
3128
578
1192
1832
1523
2491
568
1208
1218
1848
2474
3097
568
568
1208
1851
1849
2473
2472
1210
1208
1849
2498
2488
578
1193
1834
2488
2489
568
1208
1859
1848
2474
3115
568
1208
1848
2498
2488
1214
1194
1833
1848
2488
1208
1209
1218
1848
2472
2461
1209
1848
2498
1858
2488
1219
1192
1832
1849
2488
570
1208
1858
2488
2472
1848
2488
568
1208
1858
2489
2472
1848
1209
883
1848
2498
2488
578
1192
1842
3145
2488
569
1209
1011
1848
2473
3112
569
1204
1850
2498
2489
1219
1192
1122
1849
2488
1208
1208
580
1849
2472
2472
1208
1849
1849
1858
3128
1219
1832
1832
1848
2485
244
1209
1858
1848
1832
1848
2488
1208
627
1217
1848
2472
3112
1208
1221
1848
3131
3131
1219
1194
1195
1848
2504
1208
1208
1858
1849
2472
2149
1208
1207
1848
1858
2488
1219
1192
1192
1848
2483
1208
1196
1222
1848
2472
2475
1208
1848
1848
1863
2488
1219
1200
1832
1848
2489
574
1208
1859
2488
2472
1852
1208
565
1209
1855
1849
1835
2472
1206
1851
1845
2500
2489
578
1192
1832
2488
2480
568
1206
1856
1849
2474
3113
568
1208
1848
2500
2488
1215
1192
1832
1848
2488
1210
1208
1218
1848
2473
3112
1208
1206
1851
2498
2488
1218
1192
1125
1849
3138
1211
1206
1218
1848
2475
2148
1212
1208
1208
1214
1848
2472
3108
568
1210
1843
3128
3128
1214
1198
1833
1848
2489
568
1208
1220
1849
2472
3112
1209
1208
1848
2499
2488
1848
2472
1832
1848
2488
1208
1208
1218
1848
2477
2147
1208
1848
1208
1854
2486
1219
755
1832
1847
2493
568
1204
1858
2488
2472
2472
1209
569
1208
1858
1848
1832
2473
1208
1848
1848
1872
2489
1218
1191
1833
2488
2489
568
1211
1859
2489
2475
2475
1849
1846
1848
2498
2488
370
1194
1832
2488
2490
568
1208
1858
2489
2475
2472
1208
1848
1848
2499
2488
1221
1194
1832
2488
2490
568
1213
1858
2488
2473
1849
2490
570
1208
1859
2488
2474
2472
1208
1849
1848
2498
2490
578
1196
1833
2490
2499
570
1209
1857
1848
2475
3115
568
1208
1848
2498
1857
1218
1192
1122
1848
2487
1208
1209
1858
1849
2475
2472
1208
1848
1848
1858
2488
1219
1192
1832
2488
2488
568
2488
1858
1832
1832
1848
2488
244
1208
1859
1848
2475
2472
1208
1848
1266
1858
2489
1218
755
1832
1845
2488
568
1193
1858
1847
1832
2474
1208
1848
1848
1858
2488
1219
1192
1834
1844
2489
567
1208
1858
1848
1832
2472
1208
1848
1848
1858
2489
1220
1193
1832
2490
1848
568
2489
1218
1195
1833
1844
2488
568
1208
1859
2488
2474
2472
1209
1208
1847
2499
2488
578
1193
1832
1525
2488
568
1208
1218
1848
2474
3113
1208
1210
1848
1652
2485
1218
1194
1192
1850
2488
1208
1208
1858
1848
2472
2472
1208
1849
1852
1858
2490
1218
1193
1832
2491
1848
1858
2488
1218
1192
1832
1848
2488
568
1208
1860
2488
2472
2462
1208
1208
1848
2498
2489
578
1195
1834
2488
2500
571
1208
1222
1848
2488
3112
1208
1208
1848
2498
2490
1217
1192
1193
1850
2491
1208
1208
1858
1849
1762
2472
1208
1848
1850
1858
2488
1218
1195
1832
2488
1266
568
2488
1218
1192
1832
1848
2489
570
1208
1858
2488
2475
2474
1208
1208
1848
2498
2488
578
1196
1833
2488
2488
568
1207
1217
1847
2472
2472
1208
1208
1850
2498
2488
1218
1192
1192
1848
2488
1208
1208
1863
1848
2474
2473
1208
1851
1848
1860
2488
1218
1192
1835
2488
1864
1859
2488
1218
1196
1832
1848
2488
568
1208
1857
2488
2475
2472
1208
1210
1850
2498
2488
577
1194
1824
2488
2488
568
1208
1219
1847
2470
3112
1208
1207
1848
2498
2488
1219
1188
1192
1848
2488
1208
1208
1858
1849
2472
2472
1208
1849
1848
1858
2493
1218
1192
1832
2488
1906
568
2488
1219
1195
1832
1849
2488
569
1208
1859
2493
2474
2472
1204
1210
1848
2498
2490
578
1195
1834
1524
2488
569
1209
1217
1850
2474
3113
1208
1208
1849
2499
2488
1219
1195
1194
1848
2488
1208
1208
1858
1849
2474
2474
1208
1848
1849
1858
2489
1219
1834
1835
1835
2489
1207
2488
1223
1194
1832
1848
2488
1208
1209
1221
1848
2472
3113
1210
1207
1848
2498
2488
1218
1192
1836
1847
2488
1208
1208
1219
1848
2472
3112
1204
1208
1851
1652
2488
1218
1193
1832
1848
2487
1208
1211
1871
1848
2474
2472
1208
1859
1848
2498
2488
370
2474
1832
1850
1848
1858
2488
1216
1203
1836
2488
2488
568
1208
1858
1843
2472
2472
1208
1207
1848
2498
3128
578
1192
1832
1848
2488
1208
1208
1218
1848
2473
3113
1208
1208
1848
2497
2488
1210
1184
1832
1848
2490
1208
626
1219
1849
2472
3115
1207
1208
1848
1650
2489
2475
3120
498
1208
1847
2499
3128
578
1193
1820
1525
2490
570
1209
1218
1848
2477
3115
568
1208
1848
2498
2050
1218
1191
1833
1848
2488
1208
1208
1218
1847
2473
3113
1208
1208
1848
2498
2488
1218
1194
1833
1848
2490
1208
1208
1218
1848
2473
3097
1208
1210
1848
2498
2488
2472
2483
1189
1209
1848
2498
3128
578
1192
1821
2487
2487
568
1208
1859
1848
2473
3114
497
1208
1848
2500
3128
580
1192
1832
1848
2488
570
1208
1218
1848
2472
3112
1207
1208
1849
1858
2491
1221
1834
1832
1850
2488
243
1208
1858
1849
1834
2472
1208
1848
1848
2500
2488
580
2472
1835
1848
1848
1858
2488
1220
1195
1833
2488
2488
568
1208
1860
1407
2472
2473
1208
1210
1854
2497
3128
579
1192
1835
1848
2488
579
1209
1218
1848
2472
3113
568
1208
1849
2520
2050
1218
1196
1832
1848
2488
1210
1208
1212
1848
2472
3112
1211
1208
1844
2500
2484
1218
2472
1832
1208
1848
2498
2493
579
1192
1828
2488
2488
570
1205
1858
1848
2471
3112
498
1208
1848
2498
3128
575
1192
1828
1848
2484
1209
1208
1218
1849
2474
3112
1208
1208
1847
1858
2488
1210
1820
1831
1850
2488
567
1208
1860
1848
1832
2474
1208
1850
1848
2495
2488
2472
2473
1210
1848
1851
1858
2484
1218
1193
1832
2488
2488
561
1208
1859
1850
2473
2475
1208
1208
1843
2497
3131
584
1187
1832
1851
2490
1208
1208
1217
1851
2468
3115
1204
1209
1848
1857
2488
1217
1832
1833
1844
2488
569
1207
1861
1848
1834
2472
1210
1847
1837
2500
2488
578
2473
1208
1846
1844
1858
2487
1220
1192
1832
2490
2484
570
1206
1860
1848
2474
2473
1193
1205
1844
2499
3128
578
1195
1834
1848
2488
1209
1209
1221
1848
2474
3110
1211
1209
1848
1859
2490
1217
1195
1192
1844
2490
1209
1210
1217
1846
2474
2474
1208
1850
1851
1218
1850
2472
3112
1206
1207
1850
2498
2490
1219
1194
1831
1845
2487
1210
1206
1217
1848
2474
3112
1209
1211
1843
2500
2490
1218
1198
1122
1850
1851
1210
1208
1218
1847
2475
2474
1210
1208
1850
1860
2481
1221
1194
1196
1848
2490
1212
1212
1871
1844
2475
2475
2478
1845
1207
1218
1847
2476
3112
1207
1206
1845
2496
2487
1219
1194
1834
1847
2488
1203
1210
1216
1850
2474
3118
1208
1217
1850
2496
2486
1216
1195
1194
1849
2489
1210
1204
1220
1848
2474
2473
1210
1850
1845
1855
2488
1211
1186
1833
1848
2491
571
1207
1857
2490
2473
2471
2490
1203
1209
1860
1848
1831
2474
1209
1850
1850
2500
2488
577
1192
1832
2488
2489
570
1208
1860
1849
2476
3109
570
1207
1850
2499
2490
1220
1193
1823
1847
2488
1207
1210
1215
1847
2471
2474
1208
1850
1850
1857
2488
1218
756
1831
1849
2487
568
1206
1858
2485
2473
2475
1209
1207
1210
1854
1852
1832
2474
1212
1847
1849
2498
2489
580
1192
1832
2487
2487
564
1208
1860
1847
2474
3113
563
1207
1851
2499
2490
1217
1194
1834
1850
2490
1210
1209
1220
1846
2474
2474
1208
1845
1850
1858
2494
1217
1831
1834
1849
2490
1208
1205
1857
1849
2474
2474
1208
567
1209
1217
1849
2478
3112
571
1208
1849
2500
2051
579
1192
1832
1850
2488
1210
1210
1219
1850
2476
3114
1205
1210
1850
2496
2487
1216
1193
1828
1850
2488
1210
1204
1218
1848
2472
2475
1209
1849
1849
1858
2487
1219
756
1834
1858
2489
571
1207
1865
2489
2474
2474
1208
1210
1235
1860
1849
1839
2475
1203
1853
1850
2499
2490
579
1199
1833
2491
2489
569
1210
1860
1849
2474
3115
569
1211
1853
2499
2489
1214
1196
1833
1847
2494
1210
1208
1242
1848
2474
2472
1209
1209
1849
1859
2489
1220
1193
1194
1849
2489
1204
1207
1221
1849
2477
2474
2490
569
1209
1218
1847
2475
3114
1203
1209
1845
2498
2487
1219
1191
1833
1844
2485
1206
1211
1217
1848
2478
3115
1207
1209
1850
2500
2486
1220
1193
1832
1847
2485
1207
1211
1219
1849
2473
2472
1210
1846
1847
1859
2490
1222
1193
1834
1847
2491
569
1201
1857
1831
2474
1851
2490
569
1209
1857
2489
2477
2473
1208
1850
1847
2498
2490
1202
1194
1834
2481
2488
567
1208
1860
2488
2477
2472
1208
884
1847
2500
2490
578
1192
1833
2490
1905
569
1209
1857
2486
2473
2475
1208
1847
1848
2500
2489
578
1192
1829
2487
1840
567
2050
1859
758
1831
1843
2479
568
1209
1859
2487
2474
2473
1207
1210
1849
2499
2488
558
1206
1832
2489
2489
569
1210
1219
1847
2475
3112
1203
1209
1848
2484
2489
1217
1191
1192
1846
2485
1212
1207
1856
1847
2472
3112
1209
1849
1849
1859
2489
1220
1191
1830
2490
2489
569
2489
1861
1834
1833
1851
2487
570
1207
1860
1849
1768
2473
1207
1849
1849
1859
2490
1219
1193
1833
1848
2489
567
1208
1853
1849
1837
2476
1210
