2670
1395
1614
1846
2017
2251
2469
2703
2924
1910
1329
1549
1769
2009
2226
2459
2677
2912
1901
1320
1525
1778
1996
2233
2435
2672
1678
1064
1299
1520
1757
1974
2195
2431
2652
1642
1061
1280
1497
1732
1952
2170
2407
2626
2863
3082
2072
1494
1712
1957
2167
2401
2621
2856
3074
2061
1481
1698
1935
2141
2359
2594
2811
1813
1231
1435
1672
1889
2123
2343
2580
2784
1773
1194
1428
1645
1866
2098
2320
2554
1543
948
1183
1402
1622
1859
2079
2313
2531
2761
2982
3200
2203
1608
1825
2062
2280
2513
2732
2964
1936
1356
1574
1811
2044
2265
2483
2718
2935
1938
1341
1577
1798
2031
2252
2488
2690
1695
1101
1322
1540
1773
2011
2229
2449
2683
1671
1074
1294
1526
1746
1964
2199
2433
2654
2874
3108
2096
1515
1735
1953
2187
2408
2645
2865
3102
2107
1496
1711
1945
2167
2402
2621
2855
1843
1261
1482
1701
1935
2155
2390
2611
2847
1838
1240
1460
1697
1918
2136
2371
2589
1594
984
1218
1437
1674
1910
2130
2351
2586
2803
3024
2028
1431
1649
1884
2104
2340
2561
2798
3018
2008
1426
1647
1867
2102
2320
2555
2774
1779
1182
1416
1637
1872
2090
2327
2531
2784
1773
1179
1398
1617
1834
2069
2290
2524
1514
919
1140
1374
1595
1828
2047
2283
2502
2739
2960
3178
2181
1584
1805
2042
2261
2498
2718
2955
1958
1361
1582
1801
2038
2256
2474
2709
2928
1933
1349
1554
1805
2007
2244
2463
2699
1702
1089
1326
1545
1765
2001
2220
2439
2657
1664
1071
1305
1524
1745
1980
2198
2435
2657
2878
3113
2101
1520
1741
1976
2196
2413
2651
2869
3123
3327
2332
1739
1959
2178
2416
2635
2870
1873
1276
1493
1730
1949
2186
2405
2640
2845
1834
1256
1475
1710
1929
2150
2387
2606
1594
1013
1232
1467
1688
1906
2144
2363
2600
2818
3039
2045
1450
1685
1913
2125
2362
2583
2818
3039
2028
1447
1666
1903
2123
2361
2582
2803
1806
1226
1429
1682
1885
2136
2338
2590
2795
1783
1186
1422
1658
1863
2097
2316
2550
1538
960
1179
1397
1633
1853
2072
2306
2528
2764
2987
3219
2209
1614
1849
2070
2305
2523
2742
2976
1966
1372
1606
1827
2046
2283
2502
2737
2955
1960
1361
1596
1817
2053
2275
2511
2730
1718
1120
1357
1578
1799
2034
2255
2474
2707
1697
1102
1339
1558
1793
2014
2248
2467
2687
2905
3142
2129
1551
1770
2025
2227
2461
2680
2899
1888
1308
1526
1761
1979
2216
2435
2673
2890
1879
1285
1554
1756
2009
2196
2446
2649
1638
1041
1279
1499
1736
1955
2192
2413
2644
1634
1041
1262
1496
1714
1947
2168
2383
2618
2836
3073
2063
1466
1701
1917
2154
2375
2611
2832
3052
2039
1458
1677
1910
2130
2365
2582
2819
1837
1226
1460
1664
1901
2122
2358
2579
2813
1798
1204
1425
1657
1879
2114
2332
2569
1556
977
1181
1420
1637
1857
2093
2311
2546
2765
2984
3218
2207
1629
1849
2086
2307
2524
2761
2982
1969
1390
1626
1844
2065
2301
2522
2742
2976
1982
1385
1606
1840
2058
2295
2497
2747
1735
1123
1360
1581
1815
2049
2268
2489
2723
1710
1130
1333
1568
1788
2009
2245
2464
2701
2919
3153
2140
1547
1779
1998
2235
2455
2675
2909
1898
1317
1538
1773
1993
2213
2448
2666
2885
1890
1312
1531
1765
1983
2220
2438
2658
1664
1069
1274
1510
1731
1968
2189
2423
2642
1645
1049
1271
1489
1723
1942
2177
2395
2616
2851
3085
2072
1475
1695
1932
2151
2372
2608
2824
3060
2049
1452
1687
1921
2140
2360
2597
2818
1824
1242
1445
1695
1898
2132
2351
2588
2790
1794
1214
1432
1652
1873
2107
2328
2548
1554
962
1178
1415
1633
1867
2088
2325
2544
2780
2999
3233
2223
1628
1862
2081
2302
2536
2754
2992
1981
1386
1623
1841
2076
2297
2517
2752
2971
1958
1377
1612
1831
2065
2268
2520
2725
1715
1135
1353
1589
1811
2045
2264
2482
2719
1709
1114
1350
1569
1806
2029
2263
2484
2705
2940
3159
2149
1571
1792
2027
2246
2465
2703
2924
1912
1331
1552
1787
2009
2230
2467
2688
2907
1910
1333
1567
1769
2021
2226
2463
2682
1670
1089
1307
1526
1761
1980
2201
2436
2671
1643
1062
1281
1517
1739
1957
2192
2415
2650
2869
3087
2093
1496
1732
1951
2173
2411
2630
2865
3087
2074
1493
1711
1948
2169
2405
2625
2846
1849
1256
1491
1711
1946
2165
2399
2621
2855
1842
1233
1469
1706
1924
2143
2362
2596
1586
1005
1224
1445
1680
1902
2139
2360
2581
2815
3036
2042
1448
1668
1906
2127
2361
2582
2800
3036
2022
1428
1665
1887
2121
2342
2562
2799
1786
1209
1443
1648
1900
2121
2358
2560
2798
1801
1207
1433
1648
1883
2103
2325
2559
1545
954
1187
1405
1640
1860
2096
2314
2533
2751
2988
3209
2199
1618
1839
2076
2297
2532
2750
2971
1977
1380
1618
1839
2060
2297
2515
2738
2971
1977
1396
1599
1835
2056
2293
2514
2749
1740
1142
1361
1598
1819
2036
2270
2492
2726
1716
1122
1356
1575
1795
2033
2251
2488
2706
2944
3162
2152
1571
1790
2026
2248
2468
2705
2924
1929
1332
1566
1788
2023
2226
2461
2697
2916
1922
1326
1548
1783
2004
2256
2461
2696
1687
1074
1310
1529
1765
1985
2220
2441
2676
1664
1068
1288
1523
1743
1964
2202
2419
2656
2877
3096
2100
1503
1741
1960
2195
2416
2635
2872
3094
2082
1501
1721
1954
2176
2398
2632
2853
1860
3312
2347
1735
1940
2193
2395
2648
2854
1844
1247
1482
1716
1938
2159
2393
2616
1604
1006
1259
1462
1700
1920
2139
2375
2595
2829
3051
2054
1460
1679
1916
2137
2372
2590
2811
3048
2036
1458
1676
1914
2135
2354
2589
2810
1813
1235
1440
1675
1893
2128
2348
2582
2799
1788
1207
1428
1647
1884
2105
2342
2563
1551
954
1175
1412
1631
1866
2085
2322
2544
2762
2998
3220
2223
1626
1864
2082
2319
2538
2759
2996
1983
1389
1622
1840
2078
2296
2513
2747
2969
1972
1375
1612
1815
2066
2285
2520
2723
1710
1129
1362
1583
1804
2039
2258
2477
2712
1700
1095
1339
1560
1782
2015
2234
2469
2687
2924
3146
2149
1555
1775
2008
2231
2449
2684
2903
1890
1310
1543
1763
1984
2218
2437
2672
2891
1878
1300
1536
1757
1992
2195
2448
2654
1641
1060
1278
1513
1730
1949
2186
2405
2625
1615
1034
1255
1492
1686
1941
2161
2398
2617
2836
3071
2058
1480
1698
1920
2154
2373
2607
2826
3044
2048
1450
1687
1908
2130
2363
2579
2803
1810
1216
1469
1672
1925
2127
2365
2584
2819
1823
1212
3497
2485
1888
2106
2359
2565
1552
972
1190
1425
1646
1869
2102
2324
2555
2774
2992
3227
2215
1618
1851
2090
2309
2529
2766
2987
1975
1394
1615
1850
2072
2290
2509
2745
2967
1970
1405
1610
1845
2063
2301
2519
2754
1745
1131
1365
1602
1821
2042
2262
2485
2720
1697
1119
1340
1575
1795
2030
2251
2485
2703
2921
3141
2146
1552
1788
2009
2246
2468
2687
2924
1914
1320
1555
1776
2012
2234
2470
2691
2914
3149
2139
1559
1795
2016
2253
2472
2692
1698
1104
1323
1541
1778
1999
2220
2457
2676
1663
1083
1304
1540
1759
1980
2199
2436
2654
2891
3112
2100
1519
1739
1977
2198
2435
2653
2891
3112
2099
1518
1740
1974
2195
2429
2648
2869
1875
1296
1498
1749
1952
2189
2407
2645
2863
1852
1274
1493
1711
1930
2166
2387
2624
1613
1019
1254
1475
1712
1930
2150
2384
2605
2840
3061
2049
1469
1686
1924
2145
2365
2602
2821
3058
2048
1467
1686
1905
2142
2363
2583
2820
1810
1245
1447
1684
1902
2136
2354
2589
2791
1779
1197
1431
1651
1885
2106
2340
2557
1550
953
1174
1408
1626
1863
2082
2300
2536
2757
2993
3212
2216
1623
1858
2077
2298
2535
2754
2974
1963
1398
1619
1853
2057
2290
2511
2749
2966
1972
1378
1614
1833
2067
2285
2523
2725
1715
1134
1355
1592
1810
2047
2266
2487
2721
1711
1113
1350
1571
1808
2026
2245
2495
2698
2916
3149
2139
1558
1776
2010
2229
2447
2684
2902
1892
1313
1530
1748
1983
2201
2436
2654
2891
1879
1285
1538
1740
1977
2198
2434
2651
1643
1063
1282
1500
1735
1954
2172
2407
2627
1629
1035
1255
1492
1713
1934
2171
2392
2626
2848
3084
2071
1478
1714
1933
2169
2390
2612
2846
3067
2055
1492
1713
1934
2155
2392
2611
2830
1833
1238
1475
1698
1933
2154
2391
2612
2847
1834
1225
1460
1697
1916
2137
2374
2593
1596
984
1221
1457
1677
1895
2130
2351
2588
2809
3028
2031
1434
1671
1892
2111
2347
2568
2790
3027
2016
1436
1654
1891
2112
2331
2568
2788
1795
1198
1435
1656
1893
2112
2346
2568
2802
1792
1179
1414
1648
1869
2090
2311
2548
1537
941
1176
1394
1629
1849
2067
2300
2520
2756
2976
3194
2200
1604
1840
2060
2281
2516
2736
2970
1958
1378
1597
1814
2048
2266
2486
2722
2941
1946
1364
1585
1818
2023
2275
2477
2713
1718
1105
1339
1557
1793
2011
2229
2463
2684
1673
1078
1312
1549
1767
1987
2224
2444
2665
2900
3117
2108
1526
1744
1979
2197
2415
2650
2883
3104
2093
1515
1735
1972
2190
2427
2645
2865
1853
1292
1497
1749
1952
2186
2405
2639
2857
1847
1266
1484
1705
1923
2160
2380
2598
1602
1007
1245
1464
1684
1919
2137
2372
2591
2811
3048
2037
1454
1673
1907
2126
2344
2594
2799
3033
2020
1424
1658
1878
2097
2333
2550
2768
1774
1193
1414
1648
1850
2103
2324
2560
2781
1769
1174
1406
1627
1844
2066
2299
2537
1509
926
1149
1384
1585
1822
2040
2261
2496
2714
2935
3172
2159
1580
1802
2021
2258
2479
2716
2934
1938
1340
1577
1798
2018
2254
2473
2692
2928
1917
1321
1590
1795
2030
2232
2469
2690
1677
1083
1320
1541
1775
1993
2214
2451
2681
1670
1076
1294
1531
1750
1969
2204
2423
2659
2877
3113
2100
1504
1740
1961
2196
2416
2638
2874
3095
2091
1506
1730
1967
2186
2413
2632
2850
1854
1260
1514
1720
1958
2176
2414
2636
2870
1861
1267
1488
1723
1942
2162
2399
2634
1625
1029
1247
1484
1706
1927
2162
2384
2601
2838
3057
2063
1467
1704
1923
2146
2380
2601
2836
3056
2045
1462
1683
1905
2140
2359
2596
2815
1821
1226
1464
1684
1922
2143
2380
2601
2836
1824
1214
1452
1670
1907
2129
2348
2583
1570
976
1213
1434
1669
1890
2111
2348
2566
2804
3023
2012
1434
1669
1886
2104
2342
2563
2779
3017
2004
1407
1644
1863
2098
2318
2535
2772
1775
1177
1412
1633
1870
2073
2326
2533
2766
1770
1158
1396
1611
1846
2068
2289
2524
1512
917
1136
1373
1593
1828
2047
2282
2501
2737
2959
3180
2184
1605
1807
2061
2264
2499
2718
2955
1958
1346
1580
1802
2036
2257
2477
2715
2934
1940
1346
1565
1802
2023
2260
2462
2716
1703
1107
1328
1565
1786
2020
2241
2477
2697
1687
1093
1313
1550
1769
2006
2226
2460
2679
2901
3137
2125
1544
1763
1984
2221
2440
2660
2896
1883
1302
1523
1760
1995
2197
2435
2653
2888
1894
1300
1518
1755
1976
2211
2432
2666
1656
1044
1278
1513
1731
1953
2174
2408
2626
1633
1036
1256
1493
1712
1949
2169
2388
2625
2844
3063
2067
1470
1707
1928
2165
2384
2605
2841
3059
2047
1467
1704
1925
2146
2384
2605
2826
1832
1251
1453
1703
1924
2161
2364
2615
2818
1807
1213
1450
1687
1907
2126
2347
2585
1572
978
1215
1433
1670
1889
2123
2342
2563
2813
3018
2022
1425
1643
1878
2097
2315
2552
2770
3005
1993
1412
1633
1852
2089
2307
2545
2763
2985
1990
1396
1649
1852
2087
2305
2542
2761
1751
1157
1393
1615
1851
2072
2291
2526
1516
935
1156
1377
1614
1835
2070
2289
2510
2747
2968
3187
2177
1597
1818
2052
2273
2508
2726
2962
1951
1373
1594
1829
2050
2271
2506
2726
2943
1947
1353
1587
1808
2045
2266
2504
2706
1712
1116
1336
1573
1810
2031
2250
2468
2705
1693
1095
1330
1550
1785
2006
2241
2459
2679
2915
3137
2124
1545
1767
2004
2223
2460
2677
2896
1902
1308
1527
1762
1982
2219
2441
2661
2898
1888
1306
1544
1749
2002
2221
2443
2662
1667
1073
1292
1527
1745
1964
2199
2420
2657
1647
1050
1285
1504
1723
1957
2178
2413
2634
2855
3091
2080
1483
1720
1941
2179
2399
2637
2854
3090
2077
1482
1719
1940
2161
2396
2617
2853
1844
1247
1499
1704
1956
2160
2394
2611
2845
1834
1238
1459
1678
1912
2130
2363
2597
1587
991
1211
1446
1664
1900
2118
2338
2572
2792
3029
2015
1422
1656
1876
2112
2333
2551
2788
3007
1996
1418
1652
1872
2093
2311
2545
2780
1767
1169
1422
1626
1863
2081
2315
2537
2773
1760
1162
1383
1619
1838
2058
2295
2515
1505
927
1146
1381
1600
1820
2055
2273
2491
2724
2942
3179
2168
1573
1808
2028
2262
2483
2720
2954
1938
1340
1559
1794
2012
2230
2468
2685
2922
1909
1331
1549
1787
2007
2241
2460
2694
1679
1067
1301
1520
1754
1975
2214
2435
2653
1659
1065
1283
1520
1741
1961
2201
2422
2656
2877
3112
2100
1505
1740
1958
2192
2413
2634
2868
3089
2079
1501
1722
1956
2175
2393
2628
2864
1852
1271
1489
1723
1938
2159
2380
2636
2838
1825
1247
1465
1700
1918
2139
2358
2595
1584
990
1227
1445
1680
1899
2120
2357
2576
2810
3027
2032
1436
1656
1891
2111
2348
2566
2803
3022
2008
1414
1648
1870
2104
2338
2557
2780
1783
1204
1407
1642
1860
2097
2315
2549
2771
1760
1161
1380
1614
1835
2069
2289
2526
1515
934
1150
1371
1592
1827
2047
2282
2501
2737
2958
3179
2186
1591
1827
2048
2266
2504
2723
2942
1948
1354
1591
1813
2050
2271
2493
2728
2947
1953
1358
1596
1815
2050
2269
2504
2709
1712
1115
1334
1569
1791
2028
2248
2468
2706
1693
1100
1335
1558
1793
2015
2233
2468
2689
2924
3143
2149
1555
1773
2012
2233
2467
2690
2908
1898
1320
1541
1779
1999
2237
2455
2676
2912
1914
1318
1553
1758
2009
2212
2463
2668
1658
1079
1298
1518
1755
1992
2210
2431
2649
1656
1061
1281
1517
1752
1970
2189
2427
2645
2866
3103
2093
1514
1736
1955
2189
2410
2646
2864
3083
2086
1490
1724
1946
2166
2402
2624
2842
1862
1250
1503
1708
1961
2164
2401
2620
2855
1858
1247
1469
1703
1924
2145
2382
2602
1592
1011
1230
1464
1683
1902
2137
2356
2590
2809
3028
2032
1435
1654
1888
2107
2343
2564
2801
3022
2012
1433
1654
1891
2110
2345
2566
2787
1776
1197
1435
1656
1892
2098
2351
2572
2806
1796
1199
1418
1655
1875
2112
2315
2552
1542
945
1182
1403
1639
1859
2078
2315
2534
2769
2987
3206
2209
1612
1849
2070
2291
2528
2749
2985
1973
1394
1615
1836
2073
2292
2511
2748
2967
1972
1394
1615
1849
2067
2302
2505
2740
1730
1133
1353
1589
1808
2044
2265
2499
2717
1704
1124
1345
1564
1800
2019
2237
2471
2691
2928
3164
2151
1554
1776
2011
2229
2465
2686
2904
1911
1312
1549
1767
1988
2222
2443
2661
2895
1885
1322
1526
1779
1982
2216
2437
2671
1659
1064
1282
1517
1738
1958
2195
2412
2647
1637
1040
1274
1494
1728
1947
2165
2400
2617
2838
3075
2062
1481
1702
1938
2155
2378
2613
2830
3068
2039
1457
1692
1913
2147
2367
2605
2825
1814
1249
1454
1688
1907
2144
2349
2599
2820
1810
1213
1432
1668
1902
2123
2342
2560
1566
971
1194
1428
1663
1882
2100
2319
2553
2774
3008
3227
2216
1635
1850
2086
2304
2525
2760
2981
1970
1392
1610
1845
2063
2297
2516
2752
2973
1962
1381
1616
1820
2071
2269
2501
2722
1725
1145
1347
1568
1805
2039
2258
2495
2715
1703
1106
1340
1558
1779
2016
2235
2472
2693
2913
3149
2135
1557
1775
2010
2231
2452
2686
2905
1892
1313
1534
1768
1989
2223
2437
2662
2895
1884
1290
1541
1706
1941
2159
2396
2617
2852
1855
1244
1465
1702
1922
2157
2376
2610
1597
1001
1221
1458
1676
1894
2148
2352
2584
2805
3026
2029
1435
1671
1892
2126
2347
2564
2799
3019
2006
1430
1662
1883
2103
2322
2558
2793
1780
1183
1435
1640
1890
2095
2346
2548
2785
1772
1161
1398
1616
1850
2071
2308
2526
1514
933
1154
1372
1606
1827
2065
2285
2503
2740
2960
3197
2187
1592
1827
2050
2287
2509
2727
2962
1949
1368
1587
1824
2044
2265
2484
2719
2937
1940
1375
1580
1817
2020
2275
2480
2731
1720
1109
1346
1566
1800
2018
2255
2474
2693
1682
1104
1324
1541
1775
1994
2228
2449
2686
2905
3126
2129
1550
1768
2003
2221
2456
2657
2896
1901
1288
1528
1751
1989
2212
2433
2672
2895
1903
1324
1531
1786
1990
2245
2451
2688
1693
1083
1306
1544
1766
2003
2223
2461
2683
1672
1078
1316
1536
1772
1993
2231
2453
2676
2914
3135
2142
1548
1767
2004
2226
2462
2683
2921
1909
1315
1553
1772
2010
2232
2453
2688
2908
1898
1337
1543
1793
1996
2231
2453
2690
1696
1084
1322
1525
1762
1984
2219
2456
2677
1667
1076
1329
1532
1769
1988
2207
2444
2665
2901
3120
2107
1527
1748
1964
2199
2418
2655
2874
3109
2099
1521
1742
1961
2198
2417
2636
2873
1863
1301
1506
1741
1960
2188
2409
2646
2850
1854
1256
1476
1710
1944
2147
2381
2603
1606
1010
1231
1468
1686
1921
2139
2358
2593
2827
3048
2040
1441
1674
1894
2131
2368
2570
2805
3026
2031
1436
1671
1891
2125
2346
2565
2802
1792
1212
1411
1664
1867
2117
2320
2572
2777
1766
1188
1409
1628
1865
2086
2322
2541
1528
949
1167
1386
1623
1844
2078
2299
2536
2755
2974
3208
2200
1601
1837
2055
2290
2509
2745
2964
1954
1375
1594
1814
2052
2270
2489
2723
2958
1946
1364
1599
1802
2053
2258
2493
2711
1701
1104
1339
1560
1781
2019
2240
2477
2714
1685
1104
1323
1560
1778
1998
2237
2455
2676
2912
3149
2135
1540
1774
1994
2229
2447
2669
2906
1896
1299
1534
1771
1992
2211
2431
2666
2901
1891
1294
1545
1750
1984
2205
2441
2661
1651
1054
1272
1510
1728
1945
2184
2421
2639
1627
1030
1266
1501
1722
1940
2159
2394
2615
2850
3069
2057
1476
1695
1930
2151
2386
2607
2844
3065
2056
1475
1691
1912
2147
2380
2604
2819
1822
1225
1460
1681
1918
2139
2376
2580
2834
1822
1208
1429
1666
1887
2122
2357
2576
1565
967
1204
1423
1642
1879
2099
2321
2556
2791
3010
1997
1417
1637
1872
2092
2310
2545
2765
3001
1987
1390
1623
1840
2074
2291
2527
2745
2979
1965
1387
1606
1840
2044
2280
2497
2735
1738
1129
1345
1579
1813
2030
2252
2485
2703
1690
1096
1333
1551
1770
2007
2241
2461
2681
2918
3139
2128
1548
1765
1999
2220
2457
2675
2893
1882
1305
1524
1757
1994
2214
2451
2655
2891
1881
1319
1520
1755
1973
2212
2431
2667
1657
1062
1281
1515
1734
1952
2186
2405
2641
1631
1036
1255
1491
1712
1949
2170
2404
2624
2861
3082
2069
1489
1709
1929
2165
2383
2618
2838
3059
2062
1465
1702
1919
2155
2376
2596
2833
1839
1259
1460
1691
1899
2152
2373
2607
2809
1799
1219
1454
1673
1891
2125
2346
2567
1572
976
1196
1433
1653
1872
2106
2326
2561
2779
3013
2000
1406
1643
1864
2114
2317
2552
2772
2993
2014
1404
1625
1859
2081
2315
2536
2756
2991
1995
1397
1632
1835
2085
2290
2543
2745
1735
1153
1374
1611
1832
2051
2288
2509
1498
905
1141
1362
1596
1817
2052
2270
2504
2722
2944
3180
2170
1574
1808
2027
2264
2485
2704
2938
1926
1347
1566
1784
2021
2240
2477
2698
2916
1919
1322
1572
1777
2014
2233
2467
2688
1677
1081
1318
1537
1774
1995
2216
2435
2672
1662
1082
1303
1537
1758
1977
2214
2433
2669
2890
3108
2099
1520
1741
1972
2197
2431
2652
2889
3110
2099
1537
1743
1977
2196
2418
2652
2874
1879
1285
1522
1741
1978
2202
2439
2658
1645
1065
1270
1521
1725
1963
2181
2413
2634
1619
1025
1261
1481
1718
1939
2176
2395
2616
2853
3072
2062
1483
1704
1941
2161
2398
2616
2837
3072
2062
1483
1702
1937
2155
2374
2592
2829
1817
1236
1473
1694
1930
2152
2387
2605
2826
1830
1216
1453
1675
1909
2128
2365
2599
1573
976
1213
1434
1669
1888
2107
2341
2560
2781
3018
3237
2226
1648
1870
2105
2341
2560
2779
3016
2005
1409
1648
1869
2104
2325
2545
2765
1771
1175
1427
1635
1886
2090
2324
2546
2781
1771
1177
1413
1618
1853
2074
2309
2543
1531
937
1155
1390
1627
1845
2067
2285
2520
2741
2961
3196
2185
1620
1825
2062
2283
2520
2741
2960
1949
1369
1595
1822
2043
2278
2499
2733
2956
1960
1380
1585
1820
2038
2275
2497
2732
1719
1124
1345
1583
1804
2023
2260
2481
2717
1705
1108
1345
1566
1787
2024
2243
2462
2697
2916
3153
2143
1548
1783
2017
2236
2458
2694
2912
1902
1325
1546
1766
1995
2224
2459
2678
2913
1900
1336
1539
1776
1995
2232
2454
2688
1678
1082
1300
1538
1741
1976
2213
2432
2651
1657
1062
1285
1521
1742
1964
2201
2422
2657
2876
3113
2100
1504
1741
1962
2183
2418
2639
2876
3094
2084
1506
1724
1962
2180
2416
2636
2870
1860
3312
2350
1755
1944
2181
2402
2639
2861
1848
1254
1489
1707
1944
2165
2400
2619
1606
1010
1246
1465
1700
1921
2142
2379
2616
2835
3056
2062
1466
1684
1921
2139
2374
2594
2816
3051
2040
1460
1679
1900
2134
2355
2592
2811
1817
1236
1452
1672
1893
2128
2346
2583
2805
1794
1200
1437
1658
1895
2113
2348
2567
1557
963
1181
1416
1637
1872
2091
2328
2548
2768
3002
3224
2227
1630
1867
2086
2305
2542
2764
2998
1986
1389
1624
1842
2079
2300
2518
2756
1746
1181
1386
1623
1842
2077
2297
2532
2751
1722
1142
1364
1600
1821
2058
2279
2500
1504
907
1129
1364
1581
1802
2040
2261
2497
2719
2954
3173
2177
1582
1817
2036
2254
2491
2710
2932
1919
1339
1561
1794
2013
2250
2471
2689
2926
1930
1333
1570
1775
2028
2231
2482
2684
1673
1095
1316
1551
1770
2007
2224
2445
2665
1653
1075
1295
1531
1752
1985
2203
2437
2658
2875
3111
2094
1516
1734
1955
2191
2409
2646
2867
3101
2088
1493
1728
1947
2165
2399
2619
2856
1843
1246
1498
1700
1951
2153
2387
2606
2840
1845
1232
1450
1686
1905
2139
2360
2579
1566
984
1202
1437
1658
1894
2113
2333
2570
2788
3023
2010
1413
1649
1870
2107
2325
2543
2777
2999
1986
1405
1626
1858
2077
2311
2529
2749
2986
1973
1408
1610
1847
2052
2302
2520
2755
1758
1145
1364
1598
1833
2037
2272
2492
2726
1699
1119
1336
1571
1789
2024
2242
2464
2700
2919
3140
2143
1549
1785
2006
2243
2464
2685
2920
1909
1331
1551
1770
2005
2223
2441
2679
2916
1905
1340
1529
1779
1982
2233
2436
2673
1676
1065
1302
1524
1760
1979
2217
2435
2654
1659
1064
1285
1520
1741
1963
2197
2418
2637
2890
3093
2082
1503
1722
1959
2179
2417
2637
2858
3095
2085
1499
1718
1939
2173
2394
2615
2850
1839
1274
1477
1727
1930
2167
2385
2622
2843
1831
1233
1452
1688
1907
2142
2379
2597
1587
992
1226
1447
1685
1905
2127
2361
2582
2800
3037
2027
1448
1669
1887
2120
2358
2578
2799
3037
2008
1430
1665
1900
2105
2339
2558
2795
1785
1221
1425
1660
1882
2119
2340
2575
2796
1786
1189
1410
1647
1869
2105
2324
2559
1548
952
1171
1405
1626
1843
2082
2303
2541
2761
2998
3217
2204
1624
1842
2079
2300
2522
2756
2977
1966
1389
1608
1842
2063
2298
2517
2736
2972
1963
1384
1613
1837
2075
2278
2515
2736
1739
1130
1380
1586
1822
2059
2280
2501
1490
912
1131
1365
1584
1804
2024
2259
2476
2712
2931
3167
2158
1577
1799
2019
2257
2491
2708
2948
1934
1337
1558
1779
2014
2251
2472
2693
2930
1919
1325
1576
1780
2017
2238
2492
2680
1685
1088
1324
1542
1778
2000
2218
2453
2674
1680
1083
1302
1521
1753
1989
2208
2426
2663
2884
3105
2110
1516
1753
1972
2190
2428
2646
2881
3102
2091
1509
1733
1968
2187
2418
2640
2858
1865
1268
1502
1723
1958
2177
2412
2614
2867
1857
1244
1481
1699
1935
2153
2374
2611
1601
1004
1241
1462
1679
1918
2140
2376
2597
2831
3049
2038
1455
1676
1911
2130
2350
2585
2803
3037
2042
1439
1665
1886
2122
2344
2562
2796
1800
1205
1440
1658
1893
2096
2347
2549
2789
1792
1182
1400
1637
1859
2094
2313
2548
1538
946
1166
1401
1623
1860
2079
2314
2534
2753
2989
3207
2211
1615
1836
2071
2290
2527
2746
2965
1971
1376
1612
1830
2049
2284
2504
2723
2958
1961
1365
1581
1819
2056
2277
2499
2733
1739
1127
1347
1584
1804
2039
2261
2496
2717
1707
1110
1332
1568
1787
2025
2244
2462
2699
2918
3153
2143
1565
1783
2005
2243
2464
2699
2920
1907
1326
1547
1782
2001
2220
2455
2673
2895
1897
1318
1538
1775
1996
2231
2436
2686
1673
1063
1300
1521
1758
1977
2212
2433
2653
1657
1076
1282
1519
1739
1960
2196
2416
2651
2872
3093
2083
1502
1721
1958
2195
2414
2635
2873
3092
2081
1503
1723
1960
2180
2402
2639
2857
1863
1284
1490
1743
1948
2199
2403
2644
2865
1855
1261
1495
1730
1949
2168
2403
2624
1611
1015
1252
1472
1710
1929
2150
2387
2608
2844
3062
2050
1471
1692
1925
2163
2385
2622
2827
3080
2067
1474
1694
1912
2148
2370
2591
2825
1813
1251
1456
1690
1907
2147
2365
2600
2820
1808
1211
1430
1667
1888
2123
2343
2565
1571
974
1195
1430
1650
1886
2104
2341
2563
2781
3018
2006
1411
1645
1867
2104
2324
2558
2776
2998
2002
1403
1639
1858
2077
2310
2532
2751
1756
1190
1375
1624
1841
2074
2291
2508
2725
1727
1131
1350
1583
1801
2021
2256
2467
2701
1687
1089
1322
1540
1759
1992
2212
2432
2665
2885
3120
2109
1527
1745
1962
2198
2416
2649
2868
3102
2076
1495
1728
1948
2168
2403
2637
2857
1844
1266
1499
1705
1955
2157
2392
2610
2845
1828
1232
1451
1687
1905
2138
2358
2575
1577
980
1198
1432
1651
1869
2106
2324
2544
2783
3022
2006
1409
1646
1862
2099
2315
2532
2766
2984
1971
1391
1610
1844
2062
2299
2519
2737
2956
1961
1379
1600
1834
2053
2288
2509
2745
1735
1121
1357
1579
1814
2034
2271
2489
2724
1713
1115
1336
1572
1793
2013
2248
2466
2701
2920
3157
2162
1550
1783
1979
2214
2435
2653
2888
1876
1296
1517
1738
1958
2193
2427
2648
2866
1869
1291
1493
1746
1966
2187
2406
2642
2863
1850
1253
1490
1709
1944
2162
2396
2614
1603
1006
1243
1461
1698
1920
2158
2379
2600
2836
3057
2060
1465
1684
1921
2141
2378
2599
2820
3056
2044
1447
1684
1904
2138
2356
2575
2812
1815
1221
1439
1674
1893
2145
2334
2585
2787
1793
1199
1435
1653
1874
2109
2329
2568
1558
964
1188
1427
1649
1888
2110
2330
2566
2786
3025
3244
2251
1655
1891
2111
2331
2567
2786
3005
2012
1418
1654
1875
2113
2349
2553
2791
1779
1199
1420
1658
1859
2110
2331
2566
2773
1758
1194
1411
1630
1848
2069
2305
2526
1532
937
1156
1392
1610
1829
2064
2284
2517
2739
2958
3193
2183
1602
1824
2060
2292
2501
2736
2958
1948
1367
1588
1823
2041
2259
2495
2714
2933
1939
1343
1594
1799
2049
2254
2490
2712
1700
1103
1337
1557
1776
2010
2231
2469
2690
1677
1098
1320
1557
1776
2013
2248
2453
2690
2911
3132
2120
1540
1758
1996
2217
2451
2671
2908
1898
1320
1541
1762
1997
2219
2437
2672
2891
1879
1300
1536
1738
1989
2194
2448
2668
1658
1077
1297
1518
1738
1975
2194
2412
2647
1634
1040
1274
1494
1728
1949
2170
2408
2628
2865
3084
2071
1491
1709
1946
2167
2388
2622
2843
3080
2070
1491
1712
1930
2169
2387
2606
2843
1832
1238
1488
1709
1946
2167
2404
2609
2845
1833
1239
1476
1696
1929
2148
2367
2588
1591
994
1213
1447
1667
1901
2122
2359
2578
2799
3017
2021
1424
1661
1883
2120
2338
2573
2793
3012
2017
1421
1639
1876
2095
2329
2548
2768
1774
1179
1431
1635
1870
2088
2341
2546
2782
1773
1178
1397
1615
1852
2090
2292
2528
1515
937
1155
1378
1611
1830
2065
2284
2504
2739
2960
3197
2187
1593
1827
2046
2280
2499
2734
2955
1943
1361
1582
1801
2035
2272
2493
2714
2949
1936
1357
1576
1813
2032
2269
2488
2708
1714
1103
1322
1556
1775
2011
2248
2468
2686
1673
1094
1329
1548
1767
1987
2224
2442
2661
2896
3112
2114
1517
1754
1972
2191
2426
2646
2881
3099
2089
1495
1729
1950
2185
2404
2638
2857
1845
1282
1503
1738
1959
2180
2401
2636
2856
1860
1250
1484
1703
1938
2156
2375
2612
1599
1000
1236
1455
1692
1909
2128
2365
2583
2818
3039
2026
1445
1664
1898
2119
2356
2577
2798
3033
2022
1442
1644
1881
2118
2336
2554
2792
1782
1219
1421
1659
1879
2116
2335
2570
2790
1764
1185
1404
1639
1859
2094
2315
2535
1541
945
1163
1400
1621
1841
2078
2297
2534
2752
2987
3206
2195
1614
1835
2070
2289
2506
2741
2962
1952
1371
1606
1825
2043
2264
2500
2719
2954
1957
1362
1597
1816
2053
2255
2505
2709
1699
1104
1339
1573
1792
2013
2248
2467
2704
1695
1101
1321
1559
1778
2015
2235
2455
2690
2909
3145
2135
1540
1791
1997
2232
2451
2689
2908
1896
1300
1536
1773
1982
2202
2437
2658
2877
1883
1286
1524
1742
1980
2202
2437
2640
1644
1048
1285
1506
1725
1960
2179
2415
2633
1624
1030
1265
1486
1721
1942
2180
2399
2622
2859
3078
2083
1489
1711
1948
2167
2400
2620
2841
3078
2068
1471
1706
1945
2162
2381
2616
2835
1824
1246
1499
1686
1939
2142
2395
2598
2849
1839
1229
1464
1683
1917
2139
2357
2592
1582
985
1206
1443
1680
1899
2118
2352
2574
2809
3027
2015
1437
1658
1878
2113
2334
2569
2788
3025
2031
1418
1653
1874
2095
2331
2548
2769
1775
1177
1430
1634
1888
2093
2329
2550
2787
1793
1183
1420
1641
1862
2096
2315
2533
1523
942
1161
1395
1614
1848
2070
2307
2525
2744
2965
3200
2187
1607
1827
2048
2285
2520
2737
2959
1963
1367
1604
1824
2061
2281
2518
2723
2960
1948
1383
1585
1820
2054
2273
2494
2731
1718
1123
1360
1579
1800
2019
2255
2474
2695
1701
1107
1341
1562
1783
2018
2237
2458
2693
2914
3150
2140
1546
1780
1999
2234
2456
2691
2910
1899
1318
1536
1774
1992
2210
2445
2664
2885
1891
1326
1531
1765
1985
2222
2443
2664
1670
1074
1294
1528
1748
1969
2206
2427
2661
1650
1053
1273
1510
1730
1949
2184
2402
2620
2857
3076
2079
1483
1719
1939
2174
2395
2613
2848
3066
2054
1473
1691
1928
2147
2368
2601
2823
1828
1249
1452
1705
1908
2142
2361
2595
2814
1801
1207
1441
1660
1894
2112
2333
2570
1557
960
1194
1413
1647
1868
2102
2323
2558
2776
2997
3232
2219
1622
1858
2079
2316
2535
2772
2993
1982
1404
1623
1841
2076
2294
2531
2750
2969
1974
1380
1633
1829
2066
2287
2522
2740
1727
1131
1350
1584
1802
2037
2271
2490
2711
1700
1120
1338
1559
1792
2014
2249
2470
2707
2926
3143
2149
1553
1787
2005
2226
2461
2679
2914
1901
1322
1543
1762
1983
2218
2439
2675
2896
1901
1307
1542
1759
1994
2216
2450
2669
1658
1064
1300
1521
1756
1974
2192
2411
2646
1651
1043
1279
1498
1719
1954
2175
2412
2630
2865
3084
2074
1493
1714
1948
2169
2406
2625
2846
3063
2071
1489
1708
1945
2164
2383
2601
2836
1842
1245
1482
1703
1939
2146
2396
2616
2834
1840
1229
1463
1684
1903
2139
2357
2594
1583
986
1209
1446
1664
1899
2118
2353
2573
2794
3030
2019
1440
1659
1874
2111
2329
2564
2786
3007
1996
1415
1652
