2079
2490
1218
1848
1859
2492
2485
3764
2499
1211
1209
1210
1847
1848
1851
2488
2488
2489
1192
1192
1190
1828
1831
2489
2488
2485
569
1219
569
1857
1209
1857
1850
2495
1849
1211
569
1209
1212
1848
1206
2474
1832
3116
2473
3115
1206
1849
1219
2485
1860
2496
2495
3129
2497
1207
1206
1210
1849
1855
2491
2499
2490
1192
1189
1193
1833
1831
1832
2489
2478
2490
1219
1220
371
1859
1209
1859
1848
2495
568
1209
568
1848
1205
1849
1208
2468
1833
3109
2478
3113
1216
1216
1859
1861
1859
2489
2497
2499
1215
1211
1209
1845
1849
1845
2487
2493
2491
1193
1193
1193
1836
1833
2490
2490
2490
1235
571
1226
1207
1858
1204
2500
1849
2499
560
1214
569
1849
1219
2473
1833
2469
2472
3113
2478
1849
1216
1845
1862
2475
1859
2052
2498
2038
1209
1195
1850
1848
1849
2471
2493
2488
1193
1193
1194
1833
1835
1830
2489
2489
2485
1219
569
1858
1209
1859
1849
2500
1849
1209
569
1209
1208
1843
1209
2472
1834
2473
2473
3115
1218
1853
1215
2488
1862
2489
2499
2499
2499
1209
1205
1206
1850
1848
1849
2494
2492
1193
560
1193
1195
1835
1189
2489
1853
2488
568
1219
569
1859
1210
1861
1851
2494
568
1209
563
1849
1210
1853
1834
2473
1833
3113
2463
3113
1218
1219
1219
1859
1861
2500
2498
2051
1209
1209
1209
1850
1851
1845
2485
2485
2488
1194
1193
1194
1832
1836
2481
2488
2490
1219
567
1219
1229
1858
1205
2499
1849
2499
569
1209
569
1849
1211
1845
1833
2473
2476
3117
2472
1850
1220
1849
1856
2489
1859
3129
2499
2051
2501
1209
1845
1850
1840
2487
2490
2491
1195
1195
1193
1753
1123
1833
2484
2489
2487
1222
568
1859
1211
1859
1849
2499
1848
1209
569
1209
1206
1849
1209
2473
1831
2473
2474
3114
1218
1844
1222
2489
1855
2489
2499
3129
2499
1209
1205
1209
1849
1849
2489
2494
2490
1192
1193
1186
1834
1833
1833
2489
2489
2488
1213
1219
1220
1860
1859
2499
2499
2499
569
244
569
1850
1208
1849
1832
2473
1832
3115
2473
3113
1219
1218
1855
2489
1858
3131
2509
3129
1209
1209
1208
1849
1849
1849
2490
2489
2488
1197
1183
1832
1195
1833
1849
2491
1849
1219
569
1219
1205
1864
1209
2498
1849
2499
569
1209
1208
1848
1209
2473
1833
2469
2474
3114
2473
770
1216
1219
1424
1859
1859
2499
2495
1209
1210
1209
1849
1850
1848
2489
2489
2489
1193
1193
556
1833
1142
1833
2489
2489
571
1222
569
1856
1206
1858
1849
2499
2496
568
570
568
1209
1209
1209
1833
1838
2472
3110
2476
1219
1215
1215
1861
1855
1852
2499
2501
2499
1220
1205
1209
1849
1849
2489
2488
2490
1192
1193
1189
1836
1825
1833
2486
2489
2486
569
1219
565
1860
1209
2496
1851
2499
568
240
570
880
1211
1209
1829
1833
1832
2472
3113
2473
1219
1219
1859
1859
1855
2499
2502
2499
1209
1206
1212
1849
1850
1850
2488
2488
2491
1193
1192
1832
1833
1828
2492
2489
2484
1221
569
1217
1205
1860
1209
2502
2499
2500
568
244
1209
1211
1210
1833
1834
1833
2474
2475
2473
1238
1218
1219
1860
1860
1862
2495
2496
1182
1209
1209
1847
1850
1845
2487
2488
2484
1193
1193
1194
1836
1194
1835
1850
2494
565
1220
569
1859
1209
1858
1849
2495
1850
1209
569
1209
1210
1849
1209
2473
1834
3113
2473
2147
1219
1219
1219
1859
1859
1860
2498
2496
2493
1210
1209
1220
1841
1844
2491
2489
2486
1193
553
1188
1194
1833
1191
2489
2487
2485
568
1219
565
1860
1206
2499
1849
2499
569
1209
569
1849
1209
1851
1834
1836
1833
2474
2476
2473
1219
1220
1860
1854
1861
2504
2499
2499
1208
1209
1209
1849
1853
1846
2489
2488
2490
1192
1194
1832
1193
1843
1852
2489
2489
1221
568
1219
1212
1860
1211
2499
1849
2500
568
1209
1209
1849
1209
2473
1835
2477
2472
3109
2472
1219
1222
1221
1859
1859
1860
2499
2499
1209
1209
1198
1849
1848
1849
2489
2489
2486
1192
1193
1193
1833
1834
2491
2489
2489
569
1219
569
1859
1209
1859
2499
2499
1847
1209
569
1209
1212
1852
1833
2473
1833
3112
2473
3114
1220
1220
1220
1861
1851
1859
2499
2499
2499
1210
1209
1849
1850
1857
2489
2489
2488
1200
1193
1194
1834
1834
1837
2489
2489
3129
568
1219
1211
1860
1209
2500
1846
2499
568
1209
569
1846
1209
1849
1510
2473
1833
3109
2473
1219
1221
1219
1843
1858
1860
2499
2499
2499
1209
1210
1207
1849
1849
1849
2489
2484
1194
1202
1189
1833
1833
1832
2482
2488
1849
1219
569
1215
1209
1860
1849
2501
2498
1208
568
1209
1208
882
1209
1507
1833
1832
2469
2473
2477
1218
1219
1859
1859
1861
2498
2495
2498
1209
1209
1209
1845
1850
1851
2485
2491
2489
1193
1193
1834
1834
1833
2488
2489
2490
568
1219
590
1860
1209
1859
1849
2499
1849
1208
569
1849
1209
1209
1833
1833
2473
2473
3113
2473
1219
1219
1219
1859
1859
2500
2499
2499
1208
1209
1209
1850
1852
1850
2489
2492
2489
1193
1192
1197
1829
1833
2492
2486
2489
1221
1219
1215
1859
1868
1859
2496
2500
2499
570
569
569
1210
1209
1834
2475
1833
3114
2473
3113
1220
1219
1220
1859
1859
1852
2498
3129
2499
1204
1210
1846
1851
1849
2489
2490
2488
1192
2489
1196
1834
1833
1833
2489
2490
2489
1218
1219
1861
1855
1859
2499
2499
2499
568
569
244
1849
569
1846
1834
2473
2473
3114
2472
1848
1219
1850
1861
2490
1858
3129
2498
3130
1209
1209
1209
1849
1849
2490
2489
2489
1193
1193
1193
1833
1829
1830
2484
2487
2489
1222
1220
1219
1859
1855
2499
1859
2496
570
569
570
1209
1210
1205
1834
1832
1835
2472
2465
2472
1219
1219
1859
1861
1411
2501
2498
2501
1209
1211
1209
1849
1845
1850
2490
2489
2489
1194
1193
1835
1833
1839
2489
2489
2490
1218
570
1221
1864
1859
1860
2499
2499
2499
569
569
1209
1210
1209
1834
1833
1834
2470
2473
2473
1218
1219
1219
1860
1860
1858
2498
2499
1209
1210
1210
1852
1845
1849
2489
2490
2489
552
553
557
1836
1193
1833
2489
2490
569
1220
569
1859
1209
1855
1849
2500
1845
1209
569
1209
1210
1849
1209
2473
1832
3113
2472
3113
1219
1220
1219
1861
1855
1862
2499
2499
2499
1209
1208
1209
1845
1209
1849
2490
2489
1192
1193
1193
1833
1843
1835
2486
2490
2489
568
1221
2485
1859
1209
2500
1848
2498
567
1209
571
1849
1209
1849
1833
2472
1815
3114
2474
3113
1219
1219
1860
1860
1859
2499
2502
2499
1209
1212
1208
1850
1848
1849
2489
2489
2489
1193
1193
1833
1814
1835
1850
2499
1850
1219
569
1220
1209
1863
1219
2499
1850
2500
565
1209
1210
1848
1208
2469
1833
2484
2474
3114
2473
1228
1849
1219
1219
1859
1859
1859
2496
1215
1211
1849
1849
1842
1849
2488
2490
2489
2489
1193
1833
1836
1193
2489
2489
2489
576
1219
568
1859
1209
1859
1849
2499
1848
1209
569
569
1209
1209
1828
1833
1834
2475
3109
2473
1219
1231
1215
1859
1859
1859
2497
2499
2499
1209
1208
1849
1846
1849
2493
2488
2489
1192
553
1197
1833
1833
1833
2485
2489
2488
1212
1208
1859
1860
1859
2491
2499
2500
565
569
569
1210
1209
1210
1833
1833
2473
2473
3114
1218
1219
1220
1860
1859
2489
2499
3129
2500
1209
1206
1209
1849
1845
2490
2489
2489
1193
1192
1193
1833
1833
1833
2489
2489
2489
1215
1219
368
1859
1859
2499
1848
2499
569
571
568
1208
1209
1850
1833
2473
1833
3117
2473
3114
1215
1219
1859
1859
1859
2503
2497
2499
1209
1209
1224
1851
1850
1849
2489
2490
2489
1194
1193
1832
1833
1833
2485
2489
2489
1221
1218
1219
1860
1856
1856
2485
2499
2496
569
569
1210
1836
1209
2473
1833
1494
2473
3113
2473
1850
1219
1850
1862
2489
1859
3129
2499
1209
1209
1210
1849
1849
1849
2489
2489
2485
1192
1193
1193
1834
1836
1836
2489
2491
1216
1217
1218
1859
1860
1859
2500
2499
2495
568
569
565
1217
1206
1209
2474
1824
3111
2474
3113
1220
1219
1219
1859
1859
2486
2498
3130
2499
1209
627
1846
1849
1848
2490
2485
2489
1193
1193
1197
1829
1833
1833
2489
2485
2489
1216
1220
1859
1856
1860
2499
2499
2499
570
1213
570
1850
1208
1851
1833
2474
1834
3112
2470
1849
1219
1849
1858
2489
1860
3131
2500
3129
1206
1209
1211
1850
1849
1849
2489
2485
1195
1194
1193
1833
1833
1833
2489
1850
2489
1219
566
1220
1209
1860
1211
2499
1849
1206
569
1210
1206
1849
1209
2473
1834
2473
2473
3113
2473
1849
1216
1849
1855
2489
2502
3129
2499
1209
1209
1207
1849
1850
1849
2490
2490
2489
1193
1193
1835
1832
1821
2489
2489
2489
1216
1213
1219
1861
1859
1860
2499
2500
2495
569
563
1849
1209
1850
1842
2473
1834
3113
2482
3114
1219
1219
1219
1859
1856
1859
2499
3130
2496
1210
1209
1850
1850
1847
2490
2488
2489
1193
1193
1193
1834
1834
1831
2489
2490
2489
1216
1220
1857
1856
1859
2500
2499
2499
569
1209
567
1849
1210
1845
1833
2474
1834
3114
2473
1850
1219
1849
1860
2490
1859
2052
2499
3086
1209
1209
1210
1846
1849
1848
2487
2489
1195
1193
1188
1834
1834
1833
2485
2490
2489
1219
566
1219
1210
1859
1209
2500
1851
1206
567
1210
1210
1849
1210
2477
1833
2473
2473
3113
2474
1849
1221
1849
1859
2490
2499
3130
2499
1209
1209
1216
1849
1850
1850
2486
2489
2489
1190
1193
554
1833
1833
2490
2489
2490
1217
1215
1220
1860
1860
1863
2499
2499
2495
569
570
569
1209
1210
1833
1834
1833
2473
2475
3113
1220
1217
1220
1860
1859
1859
2502
3126
2496
1209
1209
1850
1850
1849
2489
2498
2489
1194
1194
1193
1834
1833
1836
2490
2487
2490
569
1215
1210
1860
1210
2499
1849
1849
569
1209
569
1845
1205
1849
1832
2474
2473
3114
2473
1850
1219
771
1856
1411
1860
2500
2495
2500
1209
1209
1206
1851
1846
2532
2489
2489
1193
1193
1193
1194
1831
1831
2489
2486
2489
1216
564
1220
1210
1860
1850
2500
1849
1848
610
1210
1210
1850
1205
2472
1833
2470
2473
3113
1218
1850
772
2489
1859
2489
2499
2054
2500
1209
1210
1206
1849
1845
1839
2489
2486
1197
1236
1194
1836
1834
1830
2490
2490
2490
566
1215
565
1862
1213
1862
1843
2497
569
1209
569
1848
1210
1846
1834
2469
1836
3114
2451
3114
1219
771
1221
1414
1860
2054
2495
2048
1213
1206
1212
1849
1838
1849
2487
2490
2492
1193
1196
1194
1834
1833
2490
2490
2486
1223
1221
1220
1859
1859
1860
2500
1850
2500
561
1212
570
1850
1210
2474
1833
2474
2473
3115
2473
1219
1221
1220
1860
1860
1859
2500
2500
1209
1206
1210
1850
1849
1850
2489
2489
2486
1196
1194
1194
1834
1834
1836
2490
2489
1220
1216
1220
1860
1210
1860
2499
2501
2496
581
566
569
1210
1206
1207
1834
1834
2473
2476
2482
1215
1217
1220
1860
1860
1859
2499
2499
2500
1210
1210
1206
1846
1846
2487
2490
2488
1193
1193
1194
1840
1833
1834
2490
2485
2490
1219
566
1222
1856
1860
2500
2500
2497
569
566
566
1207
1207
1210
1834
1834
1834
2474
2473
1216
1215
1221
1859
1861
1862
2500
2496
2499
1209
1210
1206
1850
1849
1846
2490
2486
2491
1193
1194
1834
1833
1835
2487
2490
2486
569
1220
571
1857
1206
1855
1852
2500
569
243
571
1210
1210
1206
1833
1837
1833
2474
3113
2474
1220
1217
1220
1860
1857
2500
3125
2500
1210
1207
1206
1852
1850
1850
2489
2487
2490
1197
1194
1834
1845
1834
2489
2489
2490
1220
1215
1220
1859
1210
1857
1849
2499
1850
1211
565
1210
1210
1850
1835
2474
1833
3114
2473
3114
1216
1850
1222
2490
1862
2478
2495
3125
1209
1206
1210
1850
1850
1849
2502
2492
2490
1187
1194
1194
1830
1834
1833
2488
2488
1236
1218
1220
1224
1857
1862
2500
2495
2496
566
568
570
1850
1210
1851
1833
2474
2474
3114
2474
1849
1215
1219
1851
1857
1857
3128
2493
3129
1215
1210
1851
1850
1849
2489
2486
2488
1194
1193
1194
1835
1826
1810
2481
2486
2486
1223
1216
1856
1860
1220
2501
2497
2500
569
571
1207
1206
1208
882
1834
1834
1835
2474
2474
1217
1220
1220
1856
1859
1857
2500
2496
2500
1210
1206
1206
1847
1847
1851
3129
2489
1193
1195
517
1834
1194
1834
1847
2490
1847
1216
569
1216
1203
1857
1206
2500
1846
1206
566
1207
1210
1856
1173
2471
1834
2474
2474
3111
2473
1220
1217
1220
1861
1848
2500
2496
2051
1210
1207
1206
1847
1849
1850
2486
2490
2486
553
1194
554
1830
1194
1835
1833
2490
570
1216
566
1860
1210
1861
1854
2500
1852
1206
577
1206
1211
1846
1834
2482
1834
3114
2474
2474
1218
1216
1216
1856
1860
1861
2499
2497
2496
1210
1207
1851
1847
1874
2492
2486
2489
1190
554
1194
1195
1195
1193
2486
1850
2487
569
1215
1211
1856
1210
2500
1850
2496
570
1215
569
1850
1206
1850
1834
2474
1835
3111
2475
1216
1217
1216
1861
1860
1859
2497
2500
2497
1208
1211
1210
1846
1847
1847
2491
2489
1194
1194
1195
1834
1822
1834
1849
2488
1849
1220
566
1220
1208
1861
1207
2498
1850
1206
242
1210
1207
1850
1210
2474
1835
2474
2473
3111
2475
1221
1218
1221
1856
1860
2500
2503
2496
1206
1210
1210
1850
1846
1846
2489
2488
2489
1194
1194
1834
1834
1834
2491
2490
2484
570
1220
569
1859
1207
1860
1847
2496
1848
1207
569
1850
1211
1847
1834
2474
1834
3116
2477
3114
1220
1850
1216
1412
1856
2490
2496
3126
1210
1206
1211
1846
1849
1846
2493
2485
2490
1194
1194
1195
1834
1834
2487
2490
2490
1219
1216
1220
1210
1857
1207
2497
1847
2502
570
1211
570
1846
1211
1846
1833
2474
2474
3110
2475
1220
1217
1229
1859
1857
1857
2501
2500
2500
1216
1207
1851
1206
1849
2488
2485
2491
1191
1194
554
1830
1194
1834
2486
2487
2489
1218
571
1857
1210
1857
1845
2510
2499
567
567
566
1846
1210
1851
1834
2470
1834
3113
2467
1220
1220
1223
2490
1857
1855
2500
2496
2500
1211
1207
1206
1846
1850
1842
2486
2491
1194
554
1194
1190
1835
1195
2486
1850
2488
570
1216
570
1862
1210
1856
1207
2496
566
1206
570
1846
1207
1850
1834
2475
1834
3114
2478
3114
1220
1217
1857
1858
1856
2500
3131
2501
1206
1206
1206
1847
1846
1846
2487
2490
2486
1194
1197
1830
1834
1834
2489
2490
2490
1212
571
1221
1210
1857
1206
2496
1850
2500
566
1208
1210
1846
1209
2474
1836
2474
2476
3114
2474
1847
1222
1847
1858
2490
1857
2050
2498
1206
1211
1202
1848
1846
1850
2490
2488
2487
1194
1191
1192
1834
1831
1834
2488
2490
567
1217
569
1865
1208
1857
1850
2496
1850
1209
566
1206
1210
1851
1205
2475
1834
3114
2475
3114
1219
1847
1216
2490
1860
2487
2496
3127
2489
1210
1207
1207
1850
1850
2487
2492
2486
1194
1194
1194
1834
1834
1834
2491
2489
2486
1216
1216
1220
1860
1208
2500
1847
2496
566
1210
567
1850
1210
1848
1833
2475
1834
3122
2473
3115
1216
1844
1858
2492
1857
3130
2495
3130
1210
1210
1206
1850
1851
1846
2486
2491
2490
1195
1195
1835
1834
1833
2487
2490
2490
1219
570
1216
1857
1860
1210
2509
1848
1856
569
1210
1210
1850
1211
2474
1834
2475
2474
3114
2475
1850
1221
1848
1860
2490
1858
3126
2497
1218
1209
1210
1850
1849
1850
2490
1845
2488
1196
1195
1194
1826
1834
1834
2486
2485
2490
1220
1220
1860
1872
1857
2501
2504
2500
567
566
566
1206
1210
1210
1834
1833
1833
2470
2474
1216
1220
1217
1860
1845
1857
2496
2500
2500
1209
1210
1207
1848
1850
1846
2489
2487
1195
1194
1194
1834
1157
1834
1850
2492
1846
1216
568
1217
1207
1856
1208
2499
1846
1209
570
1210
1210
1846
1210
2474
1834
2474
2474
3114
2474
1219
1221
1220
1860
1858
2501
2496
2497
1205
1208
1210
1850
1849
1850
2487
2489
2486
1195
1194
1834
1835
1834
2486
2490
2486
567
1217
568
1861
1206
1860
1850
2500
1851
1210
571
1206
1206
1849
1834
2474
1835
3114
2474
3114
1220
772
1223
1409
1860
1412
2502
2055
1210
1210
1218
1849
2490
1849
2487
2486
2489
1194
1196
1194
1834
1834
1186
2490
2489
1219
570
1196
1210
1860
1210
2500
1848
2500
569
1210
1210
1850
1212
2474
1834
2474
2474
3114
2474
772
1220
1220
1856
1860
1862
2496
2498
1210
1206
1212
1846
1850
1850
2490
2486
2490
1194
1194
1194
1834
1833
1834
2492
2492
566
1220
570
1860
1209
1860
1850
2500
1850
1209
570
245
1206
1850
1834
2473
1834
3114
2474
3107
1219
1220
1220
2489
1860
2486
2496
3122
2500
1210
1198
1849
1850
1849
2487
2490
2489
1196
1197
1194
1834
1832
1834
2486
2489
2490
1216
1220
1860
1861
1860
2497
2499
2500
565
1209
566
1851
1210
1846
1834
2474
2473
3114
2476
1849
1220
1849
1859
2486
1411
3127
2496
3130
1206
1206
1211
1848
1856
1846
2490
2485
1200
1194
1195
1835
1834
1834
2490
2490
2490
1216
1220
1216
1860
1861
2497
2499
2500
569
569
570
1213
1210
1210
1835
1833
1830
2474
2474
2473
1221
1221
1859
1859
1856
2495
2500
2499
1206
1210
1209
1852
1850
1850
2489
2496
2490
1194
1189
1194
1196
1831
1846
2490
1849
1220
569
1217
1210
1852
1209
2497
1849
2500
569
1210
566
1850
1209
2474
1833
2475
2474
3113
2475
1220
1220
1219
1860
1859
1856
2500
2496
1209
1206
1208
1850
1845
1850
2489
2488
2489
1194
1196
1194
1835
1834
1836
2489
2489
570
1220
567
1859
1210
1860
1850
1846
1850
1204
569
1208
1209
1848
1210
2473
1831
3117
2473
3115
1219
1219
1216
1856
1859
1860
2502
2495
2496
1209
1210
1210
1850
1850
1850
2500
2490
1193
1195
1205
1834
1834
1841
2490
2489
2490
570
1220
566
1862
1210
2499
1850
2502
569
1206
570
1850
1210
1850
1834
2473
1833
3113
2470
1851
771
1850
1856
2486
1863
3131
2501
3118
1209
1208
1210
1846
1850
1850
2489
2491
2491
1193
1196
1834
1833
1833
2490
2489
2491
1219
1222
1216
1206
1856
1206
2496
1850
2500
569
1210
1210
1853
1206
2474
1833
2474
2474
3115
2474
1846
1211
1848
1860
2488
1860
3127
2495
1210
1211
1206
1846
1851
1846
2489
2485
2491
1199
1191
1194
1835
1833
1834
2490
2489
1219
1220
570
1859
1209
1862
1846
2495
1846
1207
570
1210
1207
1850
1209
2474
1834
3111
2461
3101
1222
1222
1221
2489
1855
2493
2495
3130
2500
1210
1208
1212
1842
1846
1848
2490
2490
1192
1194
1195
1832
1840
1834
2490
2493
2488
566
1206
565
1862
1208
2497
1850
2497
567
1206
570
1850
1211
1846
1832
2477
1834
3112
2474
1852
1215
768
1857
1410
1853
2049
2496
2051
1210
1206
1210
1851
1852
1846
2487
2490
2493
1197
1189
1832
1833
1835
2487
2486
2486
1223
568
1219
1210
1857
1205
2499
1849
1205
566
1208
1209
1850
1213
2473
1834
1834
2473
3114
2473
1221
1217
1220
1858
1856
2500
3130
2496
1209
1209
1206
1851
1846
1846
2490
2492
2490
1194
1194
1197
1833
1833
2487
2490
2492
1218
1216
566
1859
1209
1858
1845
2500
1852
1205
567
1221
1212
1848
1832
2475
1833
3112
2473
3116
1221
1220
1215
1856
1859
2487
2503
3130
2500
1212
1210
1850
1849
1847
2487
2490
2486
1195
1193
1197
1830
1834
1831
2490
2490
1223
567
1222
1208
1852
1207
2495
1850
2497
550
1206
569
1848
1209
1843
1831
2474
2476
3117
2471
1849
1218
1850
1856
2486
1859
3132
2500
3126
1210
1209
1206
1848
1848
2486
2485
2486
1193
1197
1186
1834
1830
1832
2488
1846
2486
1220
1217
1856
1862
1856
2502
2500
1848
1208
568
1209
1208
1846
1211
2470
1830
2477
2477
3116
2471
1215
1216
2485
1858
1411
2499
2502
2503
1208
1210
1206
1852
1838
1848
2492
1847
1193
1189
1198
1830
1837
1845
2487
2492
2487
566
1223
565
1858
1214
2497
1847
2497
572
1208
569
1850
1213
1848
1832
2471
1836
3756
2474
3116
1224
771
1861
1410
1858
2500
2483
2497
1212
1206
1214
1847
1849
1847
2492
2488
2489
1195
1193
1835
1834
1832
2489
2486
2491
1221
568
1216
1210
1858
1205
2503
1848
2498
569
1208
1212
1850
1200
2472
1829
2475
2472
3116
2474
1848
1223
1852
1862
2488
1858
2047
2500
1208
1211
1212
1847
1846
1848
2489
2490
2489
1194
1190
1193
1835
1829
1826
2489
2481
1205
1220
569
1856
1213
1856
1851
2498
1848
1212
567
1208
1208
1852
1830
2475
1833
3114
2473
3112
1219
772
1220
1862
1861
1414
2499
2496
2495
1208
1848
1848
1852
1847
2489
2486
2490
1193
2488
1192
1192
1829
1834
2486
2492
3126
569
1219
1207
1860
1207
2499
1846
2499
571
1208
566
1848
1212
1846
1836
2476
2474
3115
2473
1846
1223
1846
1858
2486
1855
3129
2499
3132
1207
1197
1207
1847
1850
2488
2485
3132
1193
1178
1196
1836
1830
1834
2492
2484
2491
1221
1222
1218
1859
1856
2495
2496
2496
570
567
567
1208
1215
1212
2476
1831
2475
2485
3112
2473
1222
1219
1857
1860
1857
2498
2502
2499
1207
1208
1209
1845
1846
1846
2488
2489
550
1189
550
1835
1192
1835
1853
2492
1866
1218
572
1220
1207
1857
1213
2500
1846
1208
566
1206
1214
1847
1207
2472
1830
2471
2472
3125
2475
1219
1222
770
1858
1855
2492
2502
2487
1209
1208
1209
1842
1848
1849
2494
2490
2486
1195
1189
1192
1832
1836
2489
2490
2493
569
1218
565
1858
1210
1862
1852
2499
1849
1204
569
1214
1208
1852
1834
2472
1831
3112
2479
3111
1218
1837
1218
2492
1858
2485
2498
3128
2501
1209
1208
1852
1845
1845
2486
2482
2492
1196
1195
1189
1836
1834
1834
2487
2482
2491
570
1215
566
1859
1208
2504
1845
2496
567
1211
568
1851
1212
1849
1839
2475
1833
3111
2476
1215
1222
1219
1858
1861
1859
2497
2497
2504
1207
1847
1207
1849
1846
1847
2489
2490
2490
1193
1192
1835
1836
1835
2488
2490
2501
1217
575
1219
1201
1214
1205
2501
1848
3142
568
1205
1207
1847
1207
2472
1836
2472
2471
3109
2475
1846
1224
1849
1860
1411
2498
2056
2499
1208
1208
1212
1848
1849
1845
2488
2486
2490
1190
1193
1192
1833
1832
1839
2485
2489
1220
1218
569
1858
1207
1861
1848
2500
1849
1209
566
1208
1212
1848
1207
2470
1835
3121
2148
3113
1158
1223
1219
1859
1860
1856
2496
3130
2501
1208
1212
1849
1845
1847
2489
2489
2487
1190
1193
1194
1831
1838
1832
2490
2489
2488
1220
1216
1860
1857
1859
2501
1848
2496
566
1208
567
1848
1210
1828
1834
2472
1837
3109
2469
1851
1222
1846
1221
2486
1858
3127
2497
3127
1206
1212
1208
1849
1848
1852
2489
2480
1191
1191
1195
1832
1831
1830
2489
2487
1850
1212
568
1218
1210
1860
1851
2495
1850
1190
565
1208
1211
1850
1207
2474
1834
2468
2470
3112
2469
1847
1203
2485
1859
1407
2502
2495
2502
1205
1216
1205
1847
1852
1851
2489
2487
2491
1192
1191
1831
1833
1834
2488
2487
1833
1232
1222
370
1856
1208
2498
1850
2499
564
1208
567
1848
1209
1850
1834
2476
1832
3113
2469
3109
1220
1850
1221
2487
1856
2054
3132
2048
1211
1208
1206
1851
1849
1847
2487
2488
2491
1196
1192
1193
1832
1832
2489
2488
2488
1215
563
1218
1207
1864
1212
2498
1848
2496
568
1207
565
1849
1207
1510
1836
2471
2477
3111
2472
772
1219
1220
1856
1862
1858
2499
2496
2498
1207
1209
1847
1847
1847
2480
2488
2487
1191
1189
1190
1831
1834
1832
2486
2486
2487
1221
580
1860
1207
1855
1846
2498
1848
1205
572
1208
1208
1848
1210
2473
1835
2470
2472
3111
1215
1847
1218
2486
1857
2488
2497
2050
2051
1205
1212
1206
1847
1848
1849
2489
2488
1196
1197
1194
1835
1829
1832
2492
2488
2489
567
1215
566
1855
1213
2497
1849
2501
568
1212
565
1846
1208
1846
1830
2476
1831
3113
2473
3115
1218
1850
1215
2467
1855
3131
2501
2477
1210
1212
1212
1851
1847
1838
2488
2487
2491
1196
1193
1830
1835
1195
2488
2487
2489
1219
1218
1216
1209
1856
1207
2501
1847
2497
569
1218
1208
1848
1205
3111
1832
2474
2474
3116
2476
1219
1218
1218
1858
1857
2499
3128
2502
1206
1208
1199
1850
1849
1851
2486
2503
2484
1196
1191
1194
1836
1831
2486
2490
2492
1222
1221
1217
1864
1856
1859
2502
2503
2502
1206
242
1210
1206
1846
1207
2472
1831
3114
2515
3113
1218
1848
1218
2491
1857
2488
2498
3128
2496
1221
1208
1848
1847
1845
2490
2485
2486
1195
1189
1191
1833
1822
1832
2485
2491
2487
1217
1214
1858
1861
1855
2498
2498
2501
567
560
569
1850
1210
1850
1830
2472
2475
3110
2472
1849
1220
1845
1856
1397
1862
2055
2496
2052
1213
1207
1212
1848
1849
2485
2485
2485
1189
1195
1192
1834
1833
1831
2486
2492
2492
1219
568
1217
1204
1862
1848
2501
1849
1216
546
1207
1209
1855
1205
2475
1834
2473
2474
3115
1221
1846
1221
2485
1857
2494
2495
3131
2501
1207
1210
1206
1849
1848
1847
2486
2491
1196
1190
1188
1835
1834
1835
2485
2488
2490
1219
1216
1215
1861
1858
1861
2495
2498
2497
565
570
568
1208
1208
1832
1832
1831
2471
2476
3109
1216
1218
1222
1862
1855
1857
2497
3129
2495
1220
1211
1849
1848
1852
2487
2492
2488
1192
1190
1189
1830
1835
1832
2500
2487
2488
1218
566
1857
1205
1856
1851
2497
2501
570
1212
569
1848
1207
1847
1833
2471
1833
3112
2476
1849
1221
1847
1857
1410
1858
2049
2499
2496
1209
1211
1208
1847
1852
1847
2491
2475
2492
1195
1189
1834
1831
1832
2492
2486
2489
1219
567
1217
1212
1857
1204
2503
1845
2502
568
1205
1209
1207
1202
2478
1830
2475
2471
3115
2152
774
1217
772
1857
1856
1861
2500
2495
1212
1211
1196
1847
1848
1849
2491
2486
1845
1195
1195
1194
1831
1834
1829
2487
2486
2487
1220
568
1857
1210
1859
1850
2499
1850
1205
569
1209
1207
1852
1210
2472
1835
2471
2475
3114
1216
1218
1220
1858
1851
1860
2498
2501
2501
1207
1211
1209
1850
1855
2487
2479
2491
1200
1199
1192
1832
2475
1830
3127
2487
2488
567
1218
568
1857
1211
2497
1852
2497
569
1207
567
1849
1211
1851
1830
2483
1839
3114
2472
3111
1217
768
1857
1859
1861
2495
2497
2498
1211
1212
1210
1847
1847
1844
2487
2488
1192
1195
1196
1831
1833
1839
2480
2489
2488
1217
569
1222
1208
1848
1206
2499
1850
1206
566
1210
1218
1847
1208
2475
1833
2474
2476
3114
2476
1861
1220
1848
1866
2487
2499
3135
2509
1209
1209
1224
1846
1847
1848
2487
2487
2487
1196
1197
1826
1834
1834
2486
2489
2487
1220
1219
1218
1861
1205
1856
1847
2500
1847
1210
566
1207
553
1849
1832
1511
1834
3114
738
2470
3111
1218
1847
1217
2487
1860
2486
2497
3129
1206
1206
1207
1851
1849
1847
2489
2490
2490
1192
1193
1195
1834
1836
1835
2491
2487
1215
562
1216
1206
1855
1204
2500
1852
2498
571
1207
567
1851
1204
1851
1832
2476
2475
3114
2473
1847
1228
1846
1856
2487
1858
3126
2499
3131
1207
1208
1851
1852
1851
2488
2488
2485
1195
1195
1189
1835
1835
1834
2486
2487
2487
1217
570
1861
1208
1857
1851
2498
1846
1205
567
1212
1207
1858
1207
2473
1833
2469
2475
3114
1215
1850
1218
2484
1859
1848
2498
2501
2498
1207
1208
1222
1848
1849
1859
2488
2490
1195
1205
1204
1832
1835
1838
2487
2490
2490
1217
1221
1215
1858
1858
1858
1849
2498
566
1207
565
1846
1211
1850
1835
2470
1833
3117
2470
3110
1218
1219
1857
2486
1860
3128
2502
3130
1206
1851
1211
1846
1848
1850
2484
2488
2493
1195
1196
1190
1829
1833
2487
2476
2487
1215
567
1219
1209
1858
1208
2497
1858
2496
571
1205
881
1852
1206
2479
1834
2475
2471
3112
2475
1220
1221
1218
1859
1857
1858
2499
2498
2513
1208
1206
1845
1849
1850
2490
2488
2491
485
1196
557
1838
550
1835
1848
2487
1845
1220
565
1862
1210
1857
1852
2497
1847
1207
566
1206
1210
1845
1207
2474
1838
2478
2474
3113
1220
1220
1220
1857
1858
1409
2496
2502
2498
1207
1209
1210
1863
1849
1851
2485
2487
1194
1193
1189
1835
1835
1833
2487
2490
2474
571
1217
565
1854
1206
2498
1848
2500
571
1205
567
1847
1206
1852
1838
2486
1836
3112
2475
3115
1218
770
1858
1413
1860
2495
2498
2497
1210
1208
1207
1847
1843
1850
2486
2488
2490
1197
553
1853
1833
1834
2491
2488
2485
1220
568
1217
1204
1858
1197
2501
1846
2497
568
1210
567
1848
1216
2475
1834
2474
2472
3111
2473
1851
1215
767
1862
1408
1855
2052
2495
1208
1206
1217
1849
1848
1859
2486
2487
2492
1196
1195
1195
1832
1837
1830
2489
2490
1217
1220
570
1856
1211
1862
1846
1851
1847
1207
566
1207
1208
1847
1209
2471
1846
3115
2474
3112
1216
1218
1215
1860
1857
2492
2493
3131
2500
1211
1211
1211
1846
1846
2487
2486
2489
1192
1194
1195
1801
1836
1831
2489
2489
2485
571
1219
571
1860
1207
2500
1844
2500
573
1207
569
1845
1202
1847
1829
2475
1830
3121
2474
1848
768
1853
1867
2491
1856
3127
2497
2053
1204
1212
1211
1847
1848
1848
2473
2484
1195
1191
1195
1829
1826
1833
2485
2487
2488
1217
565
1221
1211
1858
1206
2495
1851
1209
572
1200
1205
1847
1210
2470
1835
2472
2459
3115
2473
1853
1218
1845
1855
1862
2503
2501
2494
1210
1209
1210
1839
1848
1847
2486
2484
2501
1194
1191
1834
1846
1195
2486
1850
2488
570
1220
571
1857
1212
1858
1846
2501
1851
1209
566
1850
1208
1207
1836
1838
1835
2472
2475
2474
1218
1217
1218
1858
1855
1860
2492
2498
1212
1207
1208
1848
1836
1847
2493
2489
2486
1189
558
1195
1833
1833
1831
2486
2489
1218
1216
1217
1206
1858
1858
2501
2500
1851
1210
565
1207
1205
1851
1212
2475
1833
3115
2451
3116
1216
1215
1217
1854
1858
2487
2497
3129
2500
1205
1207
1205
1847
1851
1847
2487
2489
1193
1192
1195
1836
1831
1837
2489
2487
2488
1204
1218
1217
1860
1866
2497
2498
2502
567
1207
569
1851
1206
1850
1834
2471
1835
3113
2474
3105
1217
1852
1858
2484
1860
3129
2497
3131
1212
1210
1209
1851
1851
1849
2490
2487
2491
1193
1193
1835
1836
1832
2493
2490
2490
1221
565
1217
1206
1858
1195
2497
1850
2500
568
1209
1207
1871
1205
2470
1836
2470
2474
3113
2473
1847
1215
1851
1858
2483
1859
3129
2496
1211
1210
1211
1851
1845
1849
2488
2491
2490
1193
1182
1195
1834
1837
1835
1834
2491
1216
1218
1221
1854
1211
1861
1847
2488
1847
1210
571
1213
1212
1851
1832
2474
1844
3113
2477
3115
1220
1228
1214
2484
1862
2486
2500
3131
2497
1212
1206
1208
1851
1847
2490
2491
2490
1194
1194
1193
1832
1837
1831
2490
1849
2485
1217
1221
1854
1857
1859
2499
2499
2498
571
1210
568
1850
1209
1851
1836
2475
1839
3113
2475
1849
1220
1845
1861
2487
1857
3125
2495
3130
1209
1211
1207
