1098
1840
1831
1820
1815
2395
2385
2392
2400
2393
2402
2395
4864
4906
1234
1225
1199
2119
2109
2099
2093
2083
4698
1539
2795
4993
2284
2645
3019
3380
3368
3358
3335
3326
3336
3554
3931
3924
6602
6594
6586
4546
4529
4521
4516
4525
4518
4527
4517
4508
4503
4493
4486
4494
4471
4479
4488
4479
4489
4483
4476
4469
4461
4454
4457
4454
4447
4438
4446
4421
4430
4423
4430
4424
4417
4408
4400
4407
4398
4389
4380
4387
4378
4370
4363
4356
4363
4387
4379
4387
4378
4369
4376
4367
4371
4378
4372
4363
4372
4363
4354
4361
4354
4345
4368
4374
4368
4361
4371
4380
4371
4378
4385
4392
4386
4379
4370
4379
4370
4378
4369
4360
4354
4344
4337
4330
4336
4329
4322
4313
4319
4310
4301
4276
4378
4369
4376
4367
4357
4348
4341
4350
4343
4326
4335
4327
4316
4325
4314
4303
4296
4285
4277
4268
4247
4241
4245
4220
4226
4217
4224
4215
4719
4727
4721
6265
6260
3793
3771
3785
3771
3763
5179
5169
5178
5168
5815
5809
5799
12924
5916
5900
5901
5890
3562
4025
4018
4027
4020
4782
4766
4753
4744
8366
3914
4379
4885
6010
7774
4745
4725
4707
4695
4684
5251
26252
12252
5240
5231
5221
5212
5204
5194
5200
5191
5184
3161
3333
3958
3947
4375
4382
4374
4381
4371
