2021,11,08,20,42,46,375
2021,11,08,20,43,2,373
2021,11,08,20,43,18,387
2021,11,08,20,43,34,402
2021,11,08,20,43,50,416
2021,11,08,20,44,6,428
2021,11,08,20,44,22,443
2021,11,08,20,44,38,457
2021,11,08,20,44,54,469
2021,11,08,20,45,10,481
2021,11,08,20,45,26,493
2021,11,08,20,45,42,505
2021,11,08,20,45,58,519
2021,11,08,20,46,14,531
2021,11,08,20,46,30,545
2021,11,08,20,46,46,560
2021,11,08,20,47,2,574
2021,11,08,20,47,18,586
2021,11,08,20,47,34,601
2021,11,08,20,47,50,615
2021,11,08,20,48,6,627
2021,11,08,20,48,22,641
2021,11,08,20,48,38,654
2021,11,08,20,48,54,668
2021,11,08,20,49,10,680
2021,11,08,20,49,26,693
2021,11,08,20,49,42,705
2021,11,08,20,49,58,717
2021,11,08,20,50,14,731
2021,11,08,20,50,30,745
2021,11,08,20,50,46,761
2021,11,08,20,51,2,775
2021,11,08,20,51,18,787
2021,11,08,20,51,34,801
2021,11,08,20,51,50,814
2021,11,08,20,52,6,826
2021,11,08,20,52,22,838
2021,11,08,20,52,38,851
2021,11,08,20,52,54,865
2021,11,08,20,53,10,880
2021,11,08,20,53,26,894
2021,11,08,20,53,42,909
2021,11,08,20,53,58,933
2021,11,08,20,54,14,945
2021,11,08,20,54,30,957
2021,11,08,20,54,46,971
2021,11,08,20,55,2,983
2021,11,08,20,55,18,996
2021,11,08,20,55,35,11
2021,11,08,20,55,51,26
2021,11,08,20,56,7,37
2021,11,08,20,56,23,52
2021,11,08,20,56,39,65
2021,11,08,20,56,55,79
2021,11,08,20,57,11,91
2021,11,08,20,57,27,105
2021,11,08,20,57,43,118
2021,11,08,20,57,59,132
2021,11,08,20,58,15,144
2021,11,08,20,58,31,156
2021,11,08,20,58,47,169
2021,11,08,20,59,3,181
2021,11,08,20,59,19,196
2021,11,08,20,59,35,208
2021,11,08,20,59,51,220
2021,11,08,21,0,7,235
2021,11,08,21,0,23,247
2021,11,08,21,0,39,262
2021,11,08,21,0,55,276
2021,11,08,21,1,11,291
2021,11,08,21,1,27,303
2021,11,08,21,1,43,315
2021,11,08,21,1,59,330
2021,11,08,21,2,15,342
2021,11,08,21,2,31,354
2021,11,08,21,2,47,368
2021,11,08,21,3,3,383
2021,11,08,21,3,19,397
2021,11,08,21,3,35,411
2021,11,08,21,3,51,426
2021,11,08,21,4,7,440
2021,11,08,21,4,23,454
2021,11,08,21,4,39,468
2021,11,08,21,4,55,483
2021,11,08,21,5,11,495
2021,11,08,21,5,27,507
2021,11,08,21,5,43,522
2021,11,08,21,5,59,536
2021,11,08,21,6,15,548
2021,11,08,21,6,31,562
2021,11,08,21,6,47,576
2021,11,08,21,7,3,591
2021,11,08,21,7,19,605
2021,11,08,21,7,35,620
2021,11,08,21,7,51,637
2021,11,08,21,8,7,651
2021,11,08,21,8,23,663
2021,11,08,21,8,39,677
2021,11,08,21,8,55,689
2021,11,08,21,9,11,704
2021,11,08,21,9,27,718
2021,11,08,21,9,43,732
2021,11,08,21,9,59,745
2021,11,08,21,10,15,759
2021,11,08,21,10,31,774
2021,11,08,21,10,47,789
2021,11,08,21,11,3,800
2021,11,08,21,11,19,813
2021,11,08,21,11,35,825
2021,11,08,21,11,51,837
2021,11,08,21,12,7,851
2021,11,08,21,12,23,865
2021,11,08,21,12,39,880
2021,11,08,21,12,55,894
2021,11,08,21,13,11,906
2021,11,08,21,13,27,918
2021,11,08,21,13,43,933
2021,11,08,21,13,59,945
2021,11,08,21,14,15,959
2021,11,08,21,14,31,973
2021,11,08,21,14,47,988
2021,11,08,21,15,4,2
2021,11,08,21,15,20,17
2021,11,08,21,15,36,29
2021,11,08,21,15,52,41
2021,11,08,21,16,8,53
2021,11,08,21,16,24,68
2021,11,08,21,16,40,81
2021,11,08,21,16,56,93
2021,11,08,21,17,12,108
2021,11,08,21,17,28,123
2021,11,08,21,17,44,138
2021,11,08,21,18,0,152
2021,11,08,21,18,16,166
2021,11,08,21,18,32,181
2021,11,08,21,18,48,195
2021,11,08,21,19,4,210
2021,11,08,21,19,20,224
2021,11,08,21,19,36,239
2021,11,08,21,19,52,253
2021,11,08,21,20,8,266
2021,11,08,21,20,24,278
2021,11,08,21,20,40,290
2021,11,08,21,20,56,313
2021,11,08,21,21,12,325
2021,11,08,21,21,28,338
2021,11,08,21,21,44,355
2021,11,08,21,22,0,367
2021,11,08,21,22,16,383
2021,11,08,21,22,32,399
2021,11,08,21,22,48,413
2021,11,08,21,23,4,428
2021,11,08,21,23,20,441
2021,11,08,21,23,36,456
2021,11,08,21,23,52,482
2021,11,08,21,24,8,496
2021,11,08,21,24,24,511
2021,11,08,21,24,40,526
2021,11,08,21,24,56,540
2021,11,08,21,25,12,555
2021,11,08,21,25,28,569
2021,11,08,21,25,44,584
2021,11,08,21,26,0,598
2021,11,08,21,26,16,613
2021,11,08,21,26,32,625
2021,11,08,21,26,48,637
2021,11,08,21,27,4,649
2021,11,08,21,27,20,677
2021,11,08,21,27,36,703
2021,11,08,21,27,52,715
2021,11,08,21,28,8,730
2021,11,08,21,28,24,744
2021,11,08,21,28,40,758
2021,11,08,21,28,56,773
2021,11,08,21,29,12,785
2021,11,08,21,29,28,801
2021,11,08,21,29,44,815
2021,11,08,21,30,0,827
2021,11,08,21,30,16,843
2021,11,08,21,30,32,855
2021,11,08,21,30,48,869
2021,11,08,21,31,4,887
2021,11,08,21,31,20,895
2021,11,08,21,31,36,910
2021,11,08,21,31,52,926
2021,11,08,21,32,8,946
2021,11,08,21,32,24,959
2021,11,08,21,32,40,972
2021,11,08,21,32,56,984
2021,11,08,21,33,13,0
2021,11,08,21,33,29,20
2021,11,08,21,33,45,35
2021,11,08,21,34,1,49
2021,11,08,21,34,17,62
2021,11,08,21,34,33,78
2021,11,08,21,34,49,95
2021,11,08,21,35,5,109
2021,11,08,21,35,21,124
2021,11,08,21,35,37,139
2021,11,08,21,35,53,151
2021,11,08,21,36,9,177
2021,11,08,21,36,25,216
2021,11,08,21,36,41,235
2021,11,08,21,36,57,250
2021,11,08,21,37,13,264
2021,11,08,21,37,29,278
2021,11,08,21,37,45,294
2021,11,08,21,38,1,308
2021,11,08,21,38,17,322
2021,11,08,21,38,33,337
2021,11,08,21,38,49,352
2021,11,08,21,39,5,365
2021,11,08,21,39,21,381
2021,11,08,21,39,37,396
2021,11,08,21,39,53,411
2021,11,08,21,40,9,423
2021,11,08,21,40,25,437
2021,11,08,21,40,41,449
2021,11,08,21,40,57,467
2021,11,08,21,41,13,482
2021,11,08,21,41,29,491
2021,11,08,21,41,45,506
2021,11,08,21,42,1,519
2021,11,08,21,42,17,534
2021,11,08,21,42,33,549
