2021,11,08,20,42,47,267
2021,11,08,20,43,3,907
2021,11,08,20,43,4,958
2021,11,08,20,43,19,299
2021,11,08,20,43,35,267
2021,11,08,20,43,51,277
2021,11,08,20,43,52,542
2021,11,08,20,44,8,567
2021,11,08,20,44,23,915
2021,11,08,20,44,39,268
2021,11,08,20,44,55,268
2021,11,08,20,45,11,270
2021,11,08,20,45,27,267
2021,11,08,20,45,43,267
2021,11,08,20,46,2,475
2021,11,08,20,46,4,30
2021,11,08,20,46,19,115
2021,11,08,20,46,31,491
2021,11,08,20,46,47,295
2021,11,08,20,47,3,267
2021,11,08,20,47,20,547
2021,11,08,20,47,35,299
2021,11,08,20,47,51,267
2021,11,08,20,47,55,230
2021,11,08,20,48,7,275
2021,11,08,20,48,24,559
2021,11,08,20,48,43,143
2021,11,08,20,48,47,198
2021,11,08,20,48,55,911
2021,11,08,20,49,31,32
2021,11,08,20,49,43,827
2021,11,08,20,49,59,823
2021,11,08,20,50,15,838
2021,11,08,20,50,32,461
2021,11,08,20,50,47,823
2021,11,08,20,51,4,462
2021,11,08,20,51,19,823
2021,11,08,20,51,35,823
2021,11,08,20,51,52,462
2021,11,08,20,52,9,743
2021,11,08,20,52,25,103
2021,11,08,20,52,59,995
2021,11,08,20,53,14,253
2021,11,08,20,53,30,259
2021,11,08,20,53,46,646
2021,11,08,20,54,2,261
2021,11,08,20,54,18,203
2021,11,08,20,54,34,262
2021,11,08,20,54,50,203
2021,11,08,20,55,6,262
2021,11,08,20,55,22,199
2021,11,08,20,55,38,262
2021,11,08,20,55,54,647
2021,11,08,20,56,10,262
2021,11,08,20,56,26,203
2021,11,08,20,56,42,262
2021,11,08,20,56,58,203
2021,11,08,20,57,14,261
2021,11,08,20,57,30,203
2021,11,08,20,57,46,261
2021,11,08,20,58,2,646
2021,11,08,20,58,18,261
2021,11,08,20,58,34,198
2021,11,08,20,58,50,261
2021,11,08,20,59,6,203
2021,11,08,20,59,22,261
2021,11,08,20,59,38,199
2021,11,08,20,59,54,261
2021,11,08,21,0,10,647
2021,11,08,21,0,26,262
2021,11,08,21,0,42,203
2021,11,08,21,0,58,262
2021,11,08,21,1,14,203
2021,11,08,21,1,30,262
2021,11,08,21,1,46,199
2021,11,08,21,2,2,259
2021,11,08,21,2,18,646
2021,11,08,21,2,34,262
2021,11,08,21,2,50,202
2021,11,08,21,3,6,267
2021,11,08,21,3,22,203
2021,11,08,21,3,38,261
2021,11,08,21,3,54,203
2021,11,08,21,4,10,259
2021,11,08,21,4,26,643
2021,11,08,21,4,42,262
2021,11,08,21,4,58,203
2021,11,08,21,5,14,262
2021,11,08,21,5,30,903
2021,11,08,21,5,46,841
2021,11,08,21,6,2,899
2021,11,08,21,6,19,287
2021,11,08,21,6,34,995
2021,11,08,21,6,50,842
2021,11,08,21,7,6,903
2021,11,08,21,7,22,843
2021,11,08,21,7,38,906
2021,11,08,21,7,54,843
2021,11,08,21,8,10,903
2021,11,08,21,8,27,543
2021,11,08,21,8,42,902
2021,11,08,21,8,58,842
2021,11,08,21,9,14,899
2021,11,08,21,9,30,843
2021,11,08,21,9,46,903
2021,11,08,21,10,2,843
2021,11,08,21,10,18,907
2021,11,08,21,10,35,283
2021,11,08,21,10,50,918
2021,11,08,21,11,6,839
2021,11,08,21,11,22,903
2021,11,08,21,11,38,839
2021,11,08,21,11,54,903
2021,11,08,21,12,10,843
2021,11,08,21,12,26,899
2021,11,08,21,12,43,287
2021,11,08,21,12,58,903
2021,11,08,21,13,14,839
2021,11,08,21,13,30,903
2021,11,08,21,13,46,843
2021,11,08,21,14,3,487
2021,11,08,21,14,18,895
2021,11,08,21,14,34,923
2021,11,08,21,14,51,287
2021,11,08,21,15,6,911
2021,11,08,21,15,22,843
2021,11,08,21,15,38,903
2021,11,08,21,15,54,843
2021,11,08,21,16,10,899
2021,11,08,21,16,26,840
2021,11,08,21,16,42,903
2021,11,08,21,16,47,70
2021,11,08,21,16,59,295
2021,11,08,21,17,14,903
2021,11,08,21,17,30,840
2021,11,08,21,17,46,903
2021,11,08,21,18,3,543
2021,11,08,21,18,19,483
2021,11,08,21,18,35,543
2021,11,08,21,18,51,927
2021,11,08,21,19,7,543
2021,11,08,21,19,23,481
2021,11,08,21,19,39,542
2021,11,08,21,19,55,479
2021,11,08,21,20,11,543
2021,11,08,21,20,27,479
2021,11,08,21,20,43,543
2021,11,08,21,20,59,923
2021,11,08,21,21,15,635
2021,11,08,21,21,31,483
2021,11,08,21,21,47,543
2021,11,08,21,22,3,483
2021,11,08,21,22,19,590
2021,11,08,21,22,35,483
2021,11,08,21,22,51,543
2021,11,08,21,23,7,926
2021,11,08,21,23,23,543
2021,11,08,21,23,39,480
2021,11,08,21,23,55,543
2021,11,08,21,24,11,483
2021,11,08,21,24,27,559
2021,11,08,21,24,43,483
2021,11,08,21,24,59,543
2021,11,08,21,25,15,923
2021,11,08,21,25,31,555
2021,11,08,21,25,47,483
2021,11,08,21,26,4,55
2021,11,08,21,26,19,507
2021,11,08,21,26,35,543
2021,11,08,21,26,40,734
2021,11,08,21,26,51,230
2021,11,08,21,26,53,738
2021,11,08,21,27,7,563
2021,11,08,21,27,23,927
2021,11,08,21,27,39,679
2021,11,08,21,27,55,483
2021,11,08,21,28,11,542
2021,11,08,21,28,27,482
2021,11,08,21,28,44,51
2021,11,08,21,28,59,480
2021,11,08,21,29,15,539
2021,11,08,21,29,32,179
2021,11,08,21,29,48,123
2021,11,08,21,30,4,183
2021,11,08,21,30,20,123
2021,11,08,21,30,36,183
2021,11,08,21,30,52,135
2021,11,08,21,31,8,231
2021,11,08,21,31,25,103
2021,11,08,21,31,40,186
2021,11,08,21,31,56,123
2021,11,08,21,32,12,183
2021,11,08,21,32,28,122
2021,11,08,21,32,44,179
2021,11,08,21,33,0,123
2021,11,08,21,33,16,462
2021,11,08,21,33,32,581
2021,11,08,21,33,48,183
2021,11,08,21,34,4,119
2021,11,08,21,34,10,526
2021,11,08,21,34,23,70
2021,11,08,21,34,24,816
2021,11,08,21,34,36,175
2021,11,08,21,34,52,183
2021,11,08,21,35,8,707
2021,11,08,21,35,26,9
2021,11,08,21,35,42,541
2021,11,08,21,35,56,342
2021,11,08,21,36,12,215
2021,11,08,21,36,28,275
2021,11,08,21,36,44,211
2021,11,08,21,37,0,203
2021,11,08,21,37,16,843
2021,11,08,21,37,53,968
2021,11,08,21,37,56,271
2021,11,08,21,38,4,203
2021,11,08,21,38,20,123
2021,11,08,21,38,36,187
2021,11,08,21,38,52,972
2021,11,08,21,39,8,183
2021,11,08,21,39,24,122
2021,11,08,21,39,40,183
2021,11,08,21,39,56,567
2021,11,08,21,40,12,180
2021,11,08,21,40,28,123
2021,11,08,21,40,44,183
2021,11,08,21,41,0,823
2021,11,08,21,41,16,785
2021,11,08,21,41,32,822
2021,11,08,21,41,49,207
2021,11,08,21,42,4,823
2021,11,08,21,42,20,761
2021,11,08,21,42,36,824
