606
1320
349
574
607
1884
1164
725
1236
605
604
605
604
607
1934
378
2527
1023
577
604
2525
572
4465
12422
1878
1241
4429
736
1244
1840
2485
3769
2474
2490
1209
1210
5049
3769
1851
1209
2489
2126
2205
4376
1277
3094
1208
3040
1207
3091
3120
3697
761
3695
3739
3697
3791
3699
3791
3698
3347
3696
3124
3698
3115
3697
981
3698
3349
768
977
767
3792
768
3796
3700
3348
3091
1766
3692
976
768
975
4376
3349
1019
3118
3040
3696
1720
4375
3356
3607
979
3038
3795
3089
3117
3696
3091
3094
1207
1026
3115
3091
3118
1553
3352
3077
3121
3044
3796
3697
3792
3700
3348
3702
3120
3695
3116
3157
933
3675
3346
3083
3740
3039
3115
768
978
4376
947
3340
3092
3117
3040
3697
3116
4372
3348
3090
976
3040
3121
3090
3118
3694
3351
3002
3115
3041
3117
975
1720
3697
3347
3699
1213
3039
3116
3074
3799
3705
3352
3684
3116
1789
3767
18083
13816
3321
1535
2278
1023
3567
975
3698
3794
4468
4399
2053
4323
2999
1790
4397
9980
2781
4323
2021
3691
975
3697
1208
3700
975
1772
3333
1022
20535
15608
3277
1531
3747
4372
4488
6955
5223
2302
3645
3604
3707
3677
4351
2299
1412
1418
1468
3832
4625
3694
979
4375
1023
1024
976
1021
3699
955
1277
3347
1040
3739
1026
