2021,11,01,22,35,19,142
2021,11,01,22,35,29,877
2021,11,01,22,36,49,367
2021,11,01,22,39,39,381
2021,11,01,22,39,49,454
2021,11,01,22,39,59,558
2021,11,01,22,40,9,724
2021,11,01,22,41,9,815
2021,11,01,22,41,19,826
2021,11,01,22,41,30,242
2021,11,01,22,42,49,540
2021,11,01,22,43,59,735
2021,11,01,22,44,10,371
2021,11,01,22,44,20,474
2021,11,01,22,45,39,709
2021,11,01,22,46,49,872
2021,11,01,22,47,0,320
2021,11,01,22,47,10,362
2021,11,01,22,47,20,403
2021,11,01,22,47,29,786
2021,11,01,22,48,19,835
2021,11,01,22,48,29,908
2021,11,01,22,48,40,230
2021,11,01,22,50,10,537
2021,11,01,22,50,20,860
2021,11,01,22,51,30,55
2021,11,01,22,51,40,533
2021,11,01,22,53,0,301
2021,11,01,22,53,10,372
2021,11,01,22,54,20,192
2021,11,01,22,54,31,172
2021,11,01,22,54,40,275
2021,11,01,22,54,50,254
2021,11,01,22,55,0,450
2021,11,01,22,56,0,449
2021,11,01,22,56,10,427
2021,11,01,22,56,21,280
2021,11,01,22,57,30,382
2021,11,01,22,57,40,610
2021,11,01,23,2,11,188
2021,11,01,23,2,21,448
2021,11,01,23,3,31,299
2021,11,01,23,3,41,59
2021,11,01,23,4,40,806
2021,11,01,23,4,51,752
2021,11,01,23,5,1,606
2021,11,01,23,7,40,982
2021,11,01,23,7,51,430
2021,11,01,23,9,1,61
2021,11,01,23,9,11,258
2021,11,01,23,9,22,18
2021,11,01,23,9,31,183
2021,11,01,23,9,41,193
2021,11,01,23,9,51,78
2021,11,01,23,10,51,636
2021,11,01,23,11,1,710
2021,11,01,23,11,11,532
2021,11,01,23,12,21,569
2021,11,01,23,12,31,829
2021,11,01,23,13,41,428
2021,11,01,23,13,52,282
2021,11,01,23,14,1,636
2021,11,01,23,15,21,653
2021,11,01,23,16,52,115
2021,11,01,23,17,1,657
2021,11,01,23,17,11,854
2021,11,01,23,18,32,308
2021,11,01,23,19,41,783
2021,11,01,23,19,51,980
2021,11,01,23,20,1,834
2021,11,01,23,21,12,152
2021,11,01,23,21,22,257
2021,11,01,23,22,42,84
2021,11,01,23,24,12,422
2021,11,01,23,24,22,620
2021,11,01,23,24,32,506
2021,11,01,23,26,2,968
2021,11,01,23,27,22,765
2021,11,01,23,28,42,282
2021,11,01,23,30,12,372
2021,11,01,23,31,32,763
2021,11,01,23,31,42,429
2021,11,01,23,31,52,376
2021,11,01,23,32,2,666
2021,11,01,23,33,23,152
2021,11,01,23,34,42,793
2021,11,01,23,34,53,147
2021,11,01,23,36,13,194
2021,11,01,23,37,32,777
2021,11,01,23,39,13,281
2021,11,01,23,39,23,541
2021,11,01,23,40,23,35
2021,11,01,23,40,33,420
2021,11,01,23,40,43,649
2021,11,01,23,40,53,535
2021,11,01,23,41,53,93
2021,11,01,23,42,3,71
2021,11,01,23,42,13,19
2021,11,01,23,43,33,284
2021,11,01,23,43,43,576
2021,11,01,23,44,53,489
2021,11,01,23,45,3,654
2021,11,01,23,46,33,743
2021,11,01,23,46,44,96
2021,11,01,23,46,53,826
2021,11,01,23,48,3,894
2021,11,01,23,48,14,121
2021,11,01,23,49,33,949
2021,11,01,23,49,43,867
2021,11,01,23,51,3,789
2021,11,01,23,52,13,610
2021,11,01,23,52,24,119
2021,11,01,23,53,53,707
2021,11,01,23,54,4,249
2021,11,01,23,54,14,40
2021,11,01,23,54,24,581
2021,11,01,23,55,3,745
2021,11,01,23,55,14,535
2021,11,01,23,55,24,15
2021,11,01,23,55,44,752
2021,11,01,23,56,44,125
2021,11,01,23,56,54,72
2021,11,01,23,57,3,989
2021,11,02,0,1,34,225
2021,11,02,0,1,44,173
2021,11,02,0,3,14,981
2021,11,02,0,4,34,621
2021,11,02,0,5,44,407
2021,11,02,0,5,54,418
2021,11,02,0,9,4,979
2021,11,02,0,9,14,831
2021,11,02,0,10,25,338
2021,11,02,0,10,34,754
2021,11,02,0,11,24,740
2021,11,02,0,11,35,407
2021,11,02,0,11,45,699
2021,11,02,0,11,55,209
2021,11,02,0,13,25,545
2021,11,02,0,14,45,60
2021,11,02,0,16,5,14
2021,11,02,0,16,15,148
2021,11,02,0,16,25,408
2021,11,02,0,16,35,75
2021,11,02,0,17,45,238
2021,11,02,0,17,55,154
2021,11,02,0,18,55,338
2021,11,02,0,19,5,722
2021,11,02,0,19,15,795
2021,11,02,0,19,25,336
2021,11,02,0,20,25,457
2021,11,02,0,20,35,311
2021,11,02,0,20,45,382
2021,11,02,0,21,55,576
2021,11,02,0,22,5,805
2021,11,02,0,23,25,696
2021,11,02,0,23,36,205
2021,11,02,0,23,46,58
2021,11,02,0,23,56,413
2021,11,02,0,24,6,452
2021,11,02,0,25,5,952
2021,11,02,0,25,16,86
2021,11,02,0,25,26,95
2021,11,02,0,26,35,850
2021,11,02,0,26,46,17
2021,11,02,0,27,55,834
2021,11,02,0,28,6,126
2021,11,02,0,28,15,793
2021,11,02,0,29,36,59
2021,11,02,0,30,45,971
2021,11,02,0,30,56,293
2021,11,02,0,31,6,147
2021,11,02,0,31,26,634
2021,11,02,0,32,26,7
2021,11,02,0,32,36,797
2021,11,02,0,32,46,619
2021,11,02,0,34,6,260
2021,11,02,0,34,16,520
2021,11,02,0,35,26,494
2021,11,02,0,35,37,35
2021,11,02,0,38,26,453
2021,11,02,0,38,36,712
2021,11,02,0,38,46,816
2021,11,02,0,38,57,265
2021,11,02,0,39,56,572
2021,11,02,0,40,6,550
2021,11,02,0,40,17,60
2021,11,02,0,41,26,628
2021,11,02,0,41,36,919
2021,11,02,0,42,57,123
2021,11,02,0,43,7,194
2021,11,02,0,44,27,179
2021,11,02,0,45,57,53
2021,11,02,0,46,7,532
2021,11,02,0,46,17,259
2021,11,02,0,47,16,849
2021,11,02,0,47,27,203
2021,11,02,0,47,37,527
2021,11,02,0,49,7,239
2021,11,02,0,50,17,150
2021,11,02,0,50,27,285
2021,11,02,0,51,37,324
2021,11,02,0,51,47,270
2021,11,02,0,53,27,274
2021,11,02,0,53,37,535
2021,11,02,0,54,57,864
2021,11,02,0,55,8,186
2021,11,02,0,56,7,338
2021,11,02,0,56,17,628
2021,11,02,0,56,27,889
2021,11,02,1,0,37,664
2021,11,02,1,0,48,267
2021,11,02,1,0,57,809
2021,11,02,1,1,7,944
2021,11,02,1,1,47,672
2021,11,02,1,1,58,680
2021,11,02,1,2,8,221
2021,11,02,1,2,18,295
2021,11,02,1,2,28,648
2021,11,02,1,3,27,862
2021,11,02,1,3,37,873
2021,11,02,1,3,47,819
2021,11,02,1,5,7,959
2021,11,02,1,5,18,813
2021,11,02,1,6,28,69
2021,11,02,1,6,38,642
2021,11,02,1,7,58,192
2021,11,02,1,8,8,327
2021,11,02,1,8,18,618
2021,11,02,1,8,28,440
2021,11,02,1,9,48,586
2021,11,02,1,9,58,188
2021,11,02,1,11,8,694
2021,11,02,1,11,18,984
2021,11,02,1,12,18,418
2021,11,02,1,12,29,241
2021,11,02,1,12,38,750
2021,11,02,1,13,58,453
2021,11,02,1,14,8,806
2021,11,02,1,15,39,207
2021,11,02,1,15,49,341
2021,11,02,1,15,58,757
2021,11,02,1,16,59,4
2021,11,02,1,17,8,700
2021,11,02,1,17,19,179
2021,11,02,1,18,28,997
2021,11,02,1,18,38,913
2021,11,02,1,20,9,37
2021,11,02,1,22,59,422
2021,11,02,1,23,9,432
2021,11,02,1,23,19,723
2021,11,02,1,24,19,377
2021,11,02,1,24,29,730
2021,11,02,1,24,39,51
2021,11,02,1,24,49,468
2021,11,02,1,25,59,380
2021,11,02,1,26,9,551
2021,11,02,1,28,49,458
2021,11,02,1,28,59,749
2021,11,02,1,30,9,568
2021,11,02,1,30,20,171
2021,11,02,1,30,30,368
2021,11,02,1,30,39,628
2021,11,02,1,30,49,951
2021,11,02,1,31,49,821
2021,11,02,1,32,0,50
2021,11,02,1,32,10,60
2021,11,02,1,33,9,524
2021,11,02,1,33,20,34
2021,11,02,1,33,29,983
2021,11,02,1,34,59,855
2021,11,02,1,37,39,887
2021,11,02,1,37,50,84
2021,11,02,1,38,0,718
2021,11,02,1,38,10,41
2021,11,02,1,39,10,164
2021,11,02,1,39,20,518
2021,11,02,1,39,29,998
2021,11,02,1,40,50,418
2021,11,02,1,41,0,709
2021,11,02,1,42,10,153
2021,11,02,1,42,20,256
2021,11,02,1,43,30,326
2021,11,02,1,43,41,117
2021,11,02,1,45,10,265
2021,11,02,1,45,20,276
2021,11,02,1,45,30,598
2021,11,02,1,45,40,921
2021,11,02,1,46,50,958
2021,11,02,1,47,0,592
2021,11,02,1,49,41,61
2021,11,02,1,49,50,914
2021,11,02,1,50,50,660
2021,11,02,1,51,1,482
2021,11,02,1,51,11,215
2021,11,02,1,52,40,834
2021,11,02,1,52,51,219
2021,11,02,1,53,0,792
2021,11,02,1,54,11,204
2021,11,02,1,54,21,277
2021,11,02,1,55,40,918
2021,11,02,1,55,51,271
2021,11,02,1,57,11,349
2021,11,02,1,58,31,116
2021,11,02,1,58,41,281
2021,11,02,1,59,51,100
2021,11,02,2,0,1,298
2021,11,02,2,0,11,868
2021,11,02,2,0,21,284
2021,11,02,2,0,31,889
2021,11,02,2,1,21,376
2021,11,02,2,1,31,353
2021,11,02,2,1,41,395
2021,11,02,2,1,51,811
2021,11,02,2,2,51,370
2021,11,02,2,3,1,598
2021,11,02,2,3,11,919
2021,11,02,2,4,41,882
2021,11,02,2,6,1,586
2021,11,02,2,7,21,731
2021,11,02,2,7,32,428
2021,11,02,2,7,41,844
2021,11,02,2,7,51,697
2021,11,02,2,9,11,807
2021,11,02,2,9,22,535
2021,11,02,2,10,21,750
2021,11,02,2,10,32,167
2021,11,02,2,10,42,301
2021,11,02,2,12,2,284
2021,11,02,2,13,21,893
2021,11,02,2,13,32,466
2021,11,02,2,14,52,262
2021,11,02,2,15,2,276
2021,11,02,2,15,12,35
2021,11,02,2,15,22,982
2021,11,02,2,16,22,290
2021,11,02,2,16,32,925
2021,11,02,2,16,42,591
2021,11,02,2,18,2,295
2021,11,02,2,18,12,619
2021,11,02,2,19,12,270
2021,11,02,2,19,22,530
2021,11,02,2,19,33,10
2021,11,02,2,20,52,524
2021,11,02,2,22,22,519
2021,11,02,2,22,33,434
2021,11,02,2,22,42,944
2021,11,02,2,23,52,637
2021,11,02,2,24,3,365
2021,11,02,2,24,12,687
2021,11,02,2,25,22,943
2021,11,02,2,25,33,172
2021,11,02,2,26,42,868
2021,11,02,2,26,53,192
2021,11,02,2,28,23,221
2021,11,02,2,29,43,142
2021,11,02,2,29,53,152
2021,11,02,2,30,3,631
2021,11,02,2,30,13,15
2021,11,02,2,31,2,940
2021,11,02,2,31,13,388
2021,11,02,2,31,23,553
2021,11,02,2,31,33,282
2021,11,02,2,32,33,122
2021,11,02,2,32,43,787
2021,11,02,2,32,54,16
2021,11,02,2,33,3,932
2021,11,02,2,34,23,416
2021,11,02,2,35,43,557
2021,11,02,2,37,13,738
2021,11,02,2,37,24,124
2021,11,02,2,37,34,70
2021,11,02,2,39,4,127
2021,11,02,2,40,13,914
2021,11,02,2,40,24,110
2021,11,02,2,41,44,34
2021,11,02,2,44,43,836
2021,11,02,2,44,54,439
2021,11,02,2,45,3,948
2021,11,02,2,46,14,359
2021,11,02,2,46,24,119
2021,11,02,2,47,23,990
2021,11,02,2,47,34,344
2021,11,02,2,47,44,697
2021,11,02,2,47,54,113
2021,11,02,2,49,14,129
2021,11,02,2,50,14,156
2021,11,02,2,50,24,197
2021,11,02,2,50,34,270
2021,11,02,2,52,4,359
2021,11,02,2,52,14,961
2021,11,02,2,52,24,629
2021,11,02,2,53,34,696
2021,11,02,2,53,44,706
2021,11,02,2,55,4,909
2021,11,02,2,55,15,169
2021,11,02,2,56,14,571
2021,11,02,2,56,24,739
2021,11,02,2,56,34,685
2021,11,02,2,57,44,566
2021,11,02,2,57,54,576
2021,11,02,2,59,25,69
2021,11,02,2,59,34,766
2021,11,02,2,59,45,464
2021,11,02,2,59,54,849
2021,11,02,3,0,44,773
2021,11,02,3,0,54,720
2021,11,02,3,1,4,917
2021,11,02,3,1,15,489
2021,11,02,3,2,35,230
2021,11,02,3,3,45,79
2021,11,02,3,3,55,26
2021,11,02,3,4,5,193
2021,11,02,3,5,25,84
2021,11,02,3,6,55,109
2021,11,02,3,7,5,56
2021,11,02,3,7,15,630
2021,11,02,3,8,5,302
2021,11,02,3,8,15,624
2021,11,02,3,8,25,291
2021,11,02,3,8,35,519
2021,11,02,3,10,5,388
2021,11,02,3,14,26,142
2021,11,02,3,14,36,184
2021,11,02,3,15,46,63
2021,11,02,3,15,56,417
2021,11,02,3,16,5,958
2021,11,02,3,17,5,831
2021,11,02,3,17,15,807
2021,11,02,3,17,26,192
2021,11,02,3,18,35,792
2021,11,02,3,18,45,865
2021,11,02,3,21,36,218
2021,11,02,3,21,46,414
2021,11,02,3,21,56,768
2021,11,02,3,22,6,809
2021,11,02,3,23,16,440
2021,11,02,3,23,26,325
2021,11,02,3,24,26,319
2021,11,02,3,24,36,704
2021,11,02,3,24,46,715
2021,11,02,3,24,56,848
2021,11,02,3,26,6,417
2021,11,02,3,26,17,176
2021,11,02,3,27,36,633
2021,11,02,3,28,56,460
2021,11,02,3,29,7,1
2021,11,02,3,29,16,730
2021,11,02,3,29,26,740
2021,11,02,3,30,36,747
2021,11,02,3,30,46,599
2021,11,02,3,30,57,109
2021,11,02,3,32,16,844
2021,11,02,3,33,36,953
2021,11,02,3,33,47,400
2021,11,02,3,34,56,969
2021,11,02,3,35,7,542
2021,11,02,3,36,16,859
2021,11,02,3,36,26,806
2021,11,02,3,36,37,285
2021,11,02,3,36,47,388
2021,11,02,3,36,57,742
2021,11,02,3,38,7,93
2021,11,02,3,38,17,383
2021,11,02,3,39,37,54
2021,11,02,3,40,47,248
2021,11,02,3,40,57,193
2021,11,02,3,41,7,517
2021,11,02,3,42,27,219
2021,11,02,3,43,37,287
2021,11,02,3,43,47,828
2021,11,02,3,43,57,495
2021,11,02,3,44,7,567
2021,11,02,3,44,17,670
2021,11,02,3,45,7,312
2021,11,02,3,45,18,229
2021,11,02,3,45,28,82
2021,11,02,3,45,48,133
2021,11,02,3,47,7,588
2021,11,02,3,49,47,556
2021,11,02,3,49,58,98
2021,11,02,3,51,7,698
2021,11,02,3,51,17,770
2021,11,02,3,51,28,218
2021,11,02,3,51,37,789
2021,11,02,3,51,48,143
2021,11,02,3,52,58,305
2021,11,02,3,53,8,221
2021,11,02,3,54,28,518
2021,11,02,3,54,38,683
2021,11,02,3,57,8,49
2021,11,02,3,57,18,402
2021,11,02,3,58,28,161
2021,11,02,3,58,38,390
2021,11,02,3,58,48,682
2021,11,02,3,59,8,138
2021,11,02,4,0,28,341
2021,11,02,4,0,38,383
2021,11,02,4,1,48,608
2021,11,02,4,1,59,87
2021,11,02,4,3,18,665
2021,11,02,4,3,28,549
2021,11,02,4,4,48,846
2021,11,02,4,6,28,881
2021,11,02,4,6,38,703
2021,11,02,4,7,28,690
2021,11,02,4,7,38,793
2021,11,02,4,7,49,490
2021,11,02,4,7,58,813
2021,11,02,4,8,58,808
2021,11,02,4,9,8,787
2021,11,02,4,9,19,610
2021,11,02,4,9,29,526
2021,11,02,4,10,28,833
2021,11,02,4,10,39,780
2021,11,02,4,10,49,759
2021,11,02,4,13,39,427
2021,11,02,4,13,49,749
2021,11,02,4,13,59,291
2021,11,02,4,15,29,315
2021,11,02,4,16,29,311
2021,11,02,4,16,39,946
2021,11,02,4,16,49,831
2021,11,02,4,19,39,872
2021,11,02,4,21,10,22
2021,11,02,4,21,20,93
2021,11,02,4,21,29,884
2021,11,02,4,22,19,559
2021,11,02,4,22,30,37
2021,11,02,4,22,39,953
2021,11,02,4,22,49,775
2021,11,02,4,24,9,666
2021,11,02,4,24,19,862
2021,11,02,4,25,19,641
2021,11,02,4,25,30,400
2021,11,02,4,25,40,224
2021,11,02,4,28,30,79
2021,11,02,4,28,40,153
2021,11,02,4,28,50,599
2021,11,02,4,29,0,48
2021,11,02,4,30,0,198
2021,11,02,4,30,10,208
2021,11,02,4,30,20,343
2021,11,02,4,31,40,144
2021,11,02,4,32,40,108
2021,11,02,4,32,50,962
2021,11,02,4,33,1,97
2021,11,02,4,33,10,419
2021,11,02,4,34,30,342
2021,11,02,4,36,0,493
2021,11,02,4,36,10,784
2021,11,02,4,36,20,574
2021,11,02,4,37,20,758
2021,11,02,4,37,30,424
2021,11,02,4,37,40,840
2021,11,02,4,38,50,783
2021,11,02,4,39,1,230
2021,11,02,4,39,10,739
2021,11,02,4,40,30,634
2021,11,02,4,41,50,962
2021,11,02,4,43,10,823
2021,11,02,4,43,20,832
2021,11,02,4,43,31,685
2021,11,02,4,43,41,39
2021,11,02,4,43,50,861
2021,11,02,4,45,1,460
2021,11,02,4,45,11,720
2021,11,02,4,46,0,863
2021,11,02,4,46,11,498
2021,11,02,4,46,21,131
2021,11,02,4,46,30,986
2021,11,02,4,48,1,324
2021,11,02,4,49,11,77
2021,11,02,4,49,21,337
2021,11,02,4,50,51,674
2021,11,02,4,51,1,559
2021,11,02,4,51,11,633
2021,11,02,4,52,1,400
2021,11,02,4,52,12,191
2021,11,02,4,52,21,825
2021,11,02,4,52,32,54
2021,11,02,4,53,41,716
2021,11,02,4,53,52,38
2021,11,02,4,54,1,985
2021,11,02,4,55,21,563
2021,11,02,4,58,11,793
2021,11,02,4,58,21,741
2021,11,02,4,58,31,939
2021,11,02,4,59,41,946
2021,11,02,4,59,52,236
2021,11,02,5,0,2,589
2021,11,02,5,2,42,216
2021,11,02,5,2,52,819
2021,11,02,5,4,12,53
2021,11,02,5,5,32,349
2021,11,02,5,5,42,859
2021,11,02,5,5,52,464
2021,11,02,5,6,2,285
2021,11,02,5,7,12,666
2021,11,02,5,7,22,176
2021,11,02,5,8,22,359
2021,11,02,5,8,32,369
2021,11,02,5,8,42,191
2021,11,02,5,8,52,481
2021,11,02,5,10,12,717
2021,11,02,5,11,12,369
2021,11,02,5,11,22,786
2021,11,02,5,11,33,106
2021,11,02,5,13,2,570
2021,11,02,5,13,13,268
2021,11,02,5,13,22,839
2021,11,02,5,14,12,513
2021,11,02,5,14,22,804
2021,11,02,5,14,32,533
2021,11,02,5,14,42,761
2021,11,02,5,14,53,241
2021,11,02,5,15,42,602
2021,11,02,5,15,53,549
2021,11,02,5,16,3,26
2021,11,02,5,16,13,161
2021,11,02,5,18,42,781
2021,11,02,5,18,53,353
2021,11,02,5,19,2,957
2021,11,02,5,20,33,168
2021,11,02,5,20,43,273
2021,11,02,5,20,53,657
2021,11,02,5,22,3,256
2021,11,02,5,22,13,111
2021,11,02,5,23,13,294
2021,11,02,5,23,23,772
2021,11,02,5,23,33,657
2021,11,02,5,25,3,713
2021,11,02,5,26,3,240
2021,11,02,5,26,13,407
2021,11,02,5,26,23,261
2021,11,02,5,28,3,764
2021,11,02,5,28,14,211
2021,11,02,5,29,23,435
2021,11,02,5,29,33,663
2021,11,02,5,29,43,767
2021,11,02,5,30,33,566
2021,11,02,5,30,43,671
2021,11,02,5,30,53,805
2021,11,02,5,31,3,846
2021,11,02,5,32,3,596
2021,11,02,5,32,14,43
2021,11,02,5,32,24,84
2021,11,02,5,35,24,354
2021,11,02,5,35,33,865
2021,11,02,5,35,44,687
2021,11,02,5,36,23,820
2021,11,02,5,36,34,704
2021,11,02,5,36,44,464
2021,11,02,5,36,54,411
2021,11,02,5,37,4,578
2021,11,02,5,38,24,156
2021,11,02,5,39,24,57
2021,11,02,5,39,34,973
2021,11,02,5,39,44,483
2021,11,02,5,39,54,711
2021,11,02,5,41,4,95
2021,11,02,5,41,14,792
2021,11,02,5,42,44,724
2021,11,02,5,42,54,577
2021,11,02,5,43,4,776
2021,11,02,5,44,24,977
2021,11,02,5,45,44,930
2021,11,02,5,45,55,33
2021,11,02,5,47,4,602
2021,11,02,5,47,14,643
2021,11,02,5,49,54,892
2021,11,02,5,50,5,496
2021,11,02,5,50,15,162
2021,11,02,5,50,25,235
2021,11,02,5,50,34,901
2021,11,02,5,51,34,929
2021,11,02,5,51,45,95
2021,11,02,5,51,55,42
2021,11,02,5,53,14,870
2021,11,02,5,54,35,135
2021,11,02,5,54,45,457
2021,11,02,5,56,5,253
2021,11,02,5,57,25,301
2021,11,02,5,57,35,872
2021,11,02,5,57,45,194
2021,11,02,5,57,55,923
2021,11,02,5,59,15,626
2021,11,02,6,0,35,455
2021,11,02,6,0,45,622
2021,11,02,6,2,5,417
2021,11,02,6,3,35,511
2021,11,02,6,5,5,728
2021,11,02,6,5,15,707
2021,11,02,6,5,26,434
2021,11,02,6,6,36,192
2021,11,02,6,6,46,388
2021,11,02,6,7,45,884
2021,11,02,6,7,55,894
2021,11,02,6,8,5,842
2021,11,02,6,9,15,973
2021,11,02,6,9,26,514
2021,11,02,6,9,35,898
2021,11,02,6,10,46,123
2021,11,02,6,10,56,664
2021,11,02,6,12,46,364
2021,11,02,6,13,46,360
2021,11,02,6,13,56,996
2021,11,02,6,14,6,193
2021,11,02,6,15,6,252
2021,11,02,6,15,16,576
2021,11,02,6,15,26,273
2021,11,02,6,15,36,721
2021,11,02,6,16,56,459
2021,11,02,6,18,26,359
2021,11,02,6,19,36,623
2021,11,02,6,19,47,196
2021,11,02,6,19,57,19
2021,11,02,6,20,7,216
2021,11,02,6,20,17,381
2021,11,02,6,21,26,825
2021,11,02,6,21,37,461
2021,11,02,6,22,56,726
2021,11,02,6,24,17,118
2021,11,02,6,24,26,940
2021,11,02,6,25,26,750
2021,11,02,6,25,36,761
2021,11,02,6,25,47,270
2021,11,02,6,26,56,809
2021,11,02,6,27,7,787
2021,11,02,6,27,16,952
2021,11,02,6,27,26,994
2021,11,02,6,27,37,628
2021,11,02,6,28,26,960
2021,11,02,6,28,37,531
2021,11,02,6,28,47,166
2021,11,02,6,28,57,363
2021,11,02,6,29,6,936
2021,11,02,6,30,7,337
2021,11,02,6,30,17,784
2021,11,02,6,30,27,169
2021,11,02,6,32,57,255
2021,11,02,6,33,7,514
2021,11,02,6,33,17,619
2021,11,02,6,34,17,270
2021,11,02,6,34,27,468
2021,11,02,6,34,38,9
2021,11,02,6,34,47,582
2021,11,02,6,34,57,372
2021,11,02,6,35,7,664
2021,11,02,6,36,7,597
2021,11,02,6,36,18,358
2021,11,02,6,36,28,148
2021,11,02,6,37,27,613
2021,11,02,6,37,37,468
2021,11,02,6,37,47,851
2021,11,02,6,38,57,638
2021,11,02,6,39,7,741
2021,11,02,6,39,17,563
2021,11,02,6,40,27,757
2021,11,02,6,40,37,985
2021,11,02,6,42,8,43
2021,11,02,6,42,17,958
2021,11,02,6,42,28,187
2021,11,02,6,43,38,99
2021,11,02,6,43,48,796
2021,11,02,6,43,58,619
2021,11,02,6,45,8,5
2021,11,02,6,45,18,45
2021,11,02,6,49,18,407
2021,11,02,6,49,28,575
2021,11,02,6,49,39,84
2021,11,02,6,49,49,31
2021,11,02,6,49,58,229
2021,11,02,6,51,19,56
2021,11,02,6,52,38,447
2021,11,02,6,53,58,587
2021,11,02,6,54,8,816
2021,11,02,6,55,18,727
2021,11,02,6,55,28,831
2021,11,02,6,57,18,814
2021,11,02,6,58,18,905
2021,11,02,6,58,29,633
2021,11,02,6,58,39,393
2021,11,02,6,58,49,122
2021,11,02,6,59,58,972
2021,11,02,7,0,9,417
2021,11,02,7,1,29,245
2021,11,02,7,2,49,105
2021,11,02,7,2,59,521
2021,11,02,7,4,9,183
2021,11,02,7,4,19,130
2021,11,02,7,4,29,109
2021,11,02,7,4,39,681
2021,11,02,7,4,49,504
2021,11,02,7,5,49,187
2021,11,02,7,6,0,72
2021,11,02,7,6,9,487
2021,11,02,7,11,39,778
2021,11,02,7,11,49,538
2021,11,02,7,11,59,704
2021,11,02,7,12,9,994
2021,11,02,7,12,59,544
2021,11,02,7,13,10,22
2021,11,02,7,13,20,187
2021,11,02,7,13,29,979
2021,11,02,7,14,59,848
2021,11,02,7,16,19,862
2021,11,02,7,17,29,869
2021,11,02,7,17,40,378
2021,11,02,7,17,50,231
2021,11,02,7,18,49,883
2021,11,02,7,19,0,801
2021,11,02,7,19,10,309
2021,11,02,7,19,19,912
2021,11,02,7,19,30,797
2021,11,02,7,19,40,807
2021,11,02,7,20,30,105
2021,11,02,7,20,40,928
2021,11,02,7,20,50,501
2021,11,02,7,21,0,447
2021,11,02,7,22,0,162
2021,11,02,7,22,10,78
2021,11,02,7,22,20,931
2021,11,02,7,23,50,332
2021,11,02,7,25,10,723
2021,11,02,7,26,50,570
2021,11,02,7,27,0,610
2021,11,02,7,28,10,965
2021,11,02,7,28,21,37
2021,11,02,7,28,31,171
2021,11,02,7,29,40,552
2021,11,02,7,29,50,748
2021,11,02,7,31,0,973
2021,11,02,7,31,10,826
2021,11,02,7,32,20,803
2021,11,02,7,32,31,31
2021,11,02,7,32,41,229
2021,11,02,7,34,0,743
2021,11,02,7,34,11,659
2021,11,02,7,34,21,13
2021,11,02,7,34,31,241
2021,11,02,7,35,31,331
2021,11,02,7,35,41,215
2021,11,02,7,35,51,475
2021,11,02,7,37,11,616
2021,11,02,7,38,21,121
2021,11,02,7,38,31,756
2021,11,02,7,38,41,297
2021,11,02,7,40,1,125
2021,11,02,7,41,21,454
2021,11,02,7,41,31,684
2021,11,02,7,41,41,599
2021,11,02,7,41,52,108
2021,11,02,7,42,41,376
2021,11,02,7,42,51,886
2021,11,02,7,43,2,21
2021,11,02,7,43,11,469
2021,11,02,7,44,21,380
2021,11,02,7,44,32,327
2021,11,02,7,44,41,463
2021,11,02,7,45,41,552
2021,11,02,7,45,51,657
2021,11,02,7,46,1,477
2021,11,02,7,48,41,791
2021,11,02,7,48,52,612
2021,11,02,7,49,2,279
2021,11,02,7,49,11,788
2021,11,02,7,49,22,18
2021,11,02,7,50,32,370
2021,11,02,7,50,41,880
2021,11,02,7,51,31,774
2021,11,02,7,51,42,283
2021,11,02,7,51,52,542
2021,11,02,7,52,2,333
2021,11,02,7,53,22,193
2021,11,02,7,53,32,77
2021,11,02,7,54,42,153
2021,11,02,7,54,52,786
2021,11,02,7,56,12,239
2021,11,02,7,56,22,842
2021,11,02,7,56,32,978
2021,11,02,7,56,42,270
2021,11,02,7,57,32,254
2021,11,02,7,57,42,140
2021,11,02,7,57,52,650
2021,11,02,7,58,2,285
2021,11,02,7,59,32,842
2021,11,02,8,3,42,929
2021,11,02,8,3,52,939
2021,11,02,8,4,3,136
2021,11,02,8,4,12,865
2021,11,02,8,5,12,954
2021,11,02,8,5,22,652
2021,11,02,8,5,33,538
2021,11,02,8,6,22,679
2021,11,02,8,6,33,534
2021,11,02,8,6,43,544
2021,11,02,8,6,52,807
2021,11,02,8,8,2,816
2021,11,02,8,8,13,513
2021,11,02,8,8,23,554
2021,11,02,8,9,42,945
2021,11,02,8,10,53,44
2021,11,02,8,11,3,335
2021,11,02,8,11,13,96
2021,11,02,8,11,23,762
2021,11,02,8,11,33,397
2021,11,02,8,12,43,246
2021,11,02,8,12,53,818
2021,11,02,8,14,3,354
2021,11,02,8,14,13,145
2021,11,02,8,14,23,500
2021,11,02,8,15,33,411
2021,11,02,8,15,43,827
2021,11,02,8,17,13,354
2021,11,02,8,18,23,484
2021,11,02,8,18,33,495
2021,11,02,8,18,44,222
2021,11,02,8,18,53,951
2021,11,02,8,19,4,179
2021,11,02,8,19,53,571
2021,11,02,8,20,4,82
2021,11,02,8,20,13,685
2021,11,02,8,20,23,663
2021,11,02,8,21,33,762
2021,11,02,8,21,44,491
2021,11,02,8,23,3,787
2021,11,02,8,23,13,797
2021,11,02,8,24,13,793
2021,11,02,8,24,24,460
2021,11,02,8,24,34,125
2021,11,02,8,25,54,111
2021,11,02,8,26,4,372
2021,11,02,8,26,13,975
2021,11,02,8,26,23,922
2021,11,02,8,27,13,971
2021,11,02,8,27,24,667
2021,11,02,8,27,34,115
2021,11,02,8,27,44,312
2021,11,02,8,29,14,650
2021,11,02,8,33,34,248
2021,11,02,8,33,44,821
2021,11,02,8,33,55,49
2021,11,02,8,35,15,98
2021,11,02,8,36,4,427
2021,11,02,8,36,15,406
2021,11,02,8,36,24,759
2021,11,02,8,36,34,926
2021,11,02,8,37,54,598
2021,11,02,8,38,5,201
2021,11,02,8,39,14,831
2021,11,02,8,39,25,30
2021,11,02,8,40,55,243
2021,11,02,8,41,5,628
2021,11,02,8,41,15,200
2021,11,02,8,42,15,133
2021,11,02,8,42,25,456
2021,11,02,8,42,35,496
2021,11,02,8,43,55,356
2021,11,02,8,44,5,553
2021,11,02,8,45,25,348
2021,11,02,8,46,35,230
2021,11,02,8,46,45,333
2021,11,02,8,46,55,436
2021,11,02,8,48,35,599
2021,11,02,8,48,45,421
2021,11,02,8,49,45,293
2021,11,02,8,49,55,677
2021,11,02,8,50,5,624
2021,11,02,8,51,25,422
2021,11,02,8,52,35,616
2021,11,02,8,52,45,499
2021,11,02,8,52,56,72
2021,11,02,8,55,25,655
2021,11,02,8,55,35,728
2021,11,02,8,55,46,456
2021,11,02,8,55,56,59
2021,11,02,8,56,5,882
2021,11,02,8,57,15,794
2021,11,02,8,57,25,678
2021,11,02,8,58,56,455
2021,11,02,9,0,5,866
2021,11,02,9,0,16,750
2021,11,02,9,1,25,880
2021,11,02,9,1,36,46
2021,11,02,9,2,56,187
2021,11,02,9,3,6,8
2021,11,02,9,3,16,425
2021,11,02,9,3,26,340
2021,11,02,9,3,36,726
2021,11,02,9,4,26,210
2021,11,02,9,4,36,220
2021,11,02,9,4,46,887
2021,11,02,9,4,57,52
2021,11,02,9,5,46,195
2021,11,02,9,5,57,143
2021,11,02,9,6,6,590
2021,11,02,9,6,16,881
2021,11,02,9,9,6,891
2021,11,02,9,10,37,10
2021,11,02,9,10,46,957
2021,11,02,9,10,56,437
2021,11,02,9,12,6,723
2021,11,02,9,12,17,14
2021,11,02,9,13,46,757
2021,11,02,9,16,27,258
2021,11,02,9,18,7,198
2021,11,02,9,18,17,801
2021,11,02,9,18,27,311
2021,11,02,9,19,17,78
2021,11,02,9,19,27,213
2021,11,02,9,19,37,222
2021,11,02,9,19,47,795
2021,11,02,9,21,7,404
2021,11,02,9,23,47,530
2021,11,02,9,23,57,509
2021,11,02,9,25,17,399
2021,11,02,9,25,28,190
2021,11,02,9,25,38,168
2021,11,02,9,25,48,242
2021,11,02,9,26,47,580
2021,11,02,9,26,57,372
2021,11,02,9,27,7,412
2021,11,02,9,28,17,480
2021,11,02,9,28,27,834
2021,11,02,9,28,37,751
2021,11,02,9,29,37,526
2021,11,02,9,29,48,36
2021,11,02,9,29,57,610
2021,11,02,9,32,48,307
2021,11,02,9,32,58,472
2021,11,02,9,33,8,170
2021,11,02,9,33,57,906
2021,11,02,9,34,8,322
2021,11,02,9,34,17,926
2021,11,02,9,34,28,217
2021,11,02,9,34,38,133
2021,11,02,9,35,48,483
2021,11,02,9,35,58,587
2021,11,02,9,36,58,115
2021,11,02,9,37,8,844
2021,11,02,9,37,18,697
2021,11,02,9,38,38,87
2021,11,02,9,38,48,567
2021,11,02,9,40,8,615
2021,11,02,9,40,18,905
2021,11,02,9,40,29,9
2021,11,02,9,40,38,988
2021,11,02,9,41,38,363
2021,11,02,9,41,48,465
2021,11,02,9,41,58,601
2021,11,02,9,43,8,730
2021,11,02,9,43,19,178
2021,11,02,9,44,18,392
2021,11,02,9,44,28,996
2021,11,02,9,44,38,943
2021,11,02,9,44,48,985
2021,11,02,9,46,8,749
2021,11,02,9,47,28,859
2021,11,02,9,47,38,744
2021,11,02,9,47,49,378
2021,11,02,9,47,59,482
2021,11,02,9,49,8,708
2021,11,02,9,49,19,124
2021,11,02,9,49,29,289
2021,11,02,9,50,28,879
2021,11,02,9,50,39,14
2021,11,02,9,50,49,554
2021,11,02,9,52,9,289
2021,11,02,9,53,29,303
2021,11,02,9,53,39,251
2021,11,02,9,54,59,47
2021,11,02,9,55,9,619
2021,11,02,9,55,19,192
2021,11,02,9,55,30,45
2021,11,02,9,56,49,997
2021,11,02,9,57,49,245
2021,11,02,9,57,59,565
2021,11,02,9,58,9,513
2021,11,02,9,59,39,602
2021,11,02,10,2,49,535
2021,11,02,10,3,39,583
2021,11,02,10,3,49,561
2021,11,02,10,4,0,9
2021,11,02,10,4,10,362
2021,11,02,10,5,30,221
2021,11,02,10,5,40,75
2021,11,02,10,6,50,18
2021,11,02,10,7,0,652
2021,11,02,10,8,9,784
2021,11,02,10,8,20,700
2021,11,02,10,8,30,147
2021,11,02,10,8,40,319
2021,11,02,10,9,40,157
2021,11,02,10,9,50,261
2021,11,02,10,10,0,209
2021,11,02,10,10,10,874
2021,11,02,10,10,20,196
2021,11,02,10,11,20,69
2021,11,02,10,11,30,889
2021,11,02,10,11,40,431
2021,11,02,10,12,30,42
2021,11,02,10,12,40,333
2021,11,02,10,12,50,655
2021,11,02,10,13,0,728
2021,11,02,10,14,20,212
2021,11,02,10,14,30,535
2021,11,02,10,15,30,248
2021,11,02,10,15,40,447
2021,11,02,10,15,51,113
2021,11,02,10,17,20,795
2021,11,02,10,17,30,679
2021,11,02,10,17,41,220
2021,11,02,10,18,40,528
2021,11,02,10,18,51,7
2021,11,02,10,19,1,112
2021,11,02,10,20,0,606
2021,11,02,10,20,11,272
2021,11,02,10,20,20,721
2021,11,02,10,20,30,948
2021,11,02,10,21,41,17
2021,11,02,10,21,51,432
2021,11,02,10,24,50,826
2021,11,02,10,25,1,462
2021,11,02,10,25,11,533
2021,11,02,10,26,11,341
2021,11,02,10,26,21,101
2021,11,02,10,26,31,393
2021,11,02,10,27,20,940
2021,11,02,10,27,31,14
2021,11,02,10,27,41,118
2021,11,02,10,27,51,688
2021,11,02,10,29,1,162
2021,11,02,10,29,11,766
2021,11,02,10,29,21,527
2021,11,02,10,30,31,125
2021,11,02,10,30,41,918
2021,11,02,10,31,1,811
2021,11,02,10,31,51,235
2021,11,02,10,32,1,807
2021,11,02,10,32,11,193
2021,11,02,10,32,21,890
2021,11,02,10,32,31,868
2021,11,02,10,33,51,571
2021,11,02,10,35,1,421
2021,11,02,10,35,11,492
2021,11,02,10,35,21,534
2021,11,02,10,36,21,499
2021,11,02,10,36,32,70
2021,11,02,10,36,42,268
2021,11,02,10,38,1,783
2021,11,02,10,39,21,649
2021,11,02,10,39,32,595
2021,11,02,10,39,42,168
2021,11,02,10,39,52,619
2021,11,02,10,40,1,878
2021,11,02,10,40,51,990
2021,11,02,10,41,2,32
2021,11,02,10,41,12,259
2021,11,02,10,41,21,893
2021,11,02,10,42,42,3
2021,11,02,10,43,52,42
2021,11,02,10,44,2,364
2021,11,02,10,44,11,967
2021,11,02,10,44,32,455
2021,11,02,10,46,52,96
2021,11,02,10,47,3,75
2021,11,02,10,47,12,460
2021,11,02,10,47,22,970
2021,11,02,10,48,42,206
2021,11,02,10,49,42,264
2021,11,02,10,49,52,992
2021,11,02,10,50,3,253
2021,11,02,10,50,12,792
2021,11,02,10,51,32,433
2021,11,02,10,52,52,791
2021,11,02,10,54,43,180
2021,11,02,10,54,53,284
2021,11,02,10,55,52,968
2021,11,02,10,56,2,915
2021,11,02,10,56,13,300
2021,11,02,10,57,23,60
2021,11,02,10,57,33,573
2021,11,02,10,58,52,842
2021,11,02,10,59,3,446
2021,11,02,11,0,2,973
2021,11,02,11,0,13,169
2021,11,02,11,0,23,242
2021,11,02,11,1,33,90
2021,11,02,11,1,43,100
2021,11,02,11,1,53,267
2021,11,02,11,2,3,495
2021,11,02,11,2,13,818
2021,11,02,11,3,23,73
2021,11,02,11,3,33,771
2021,11,02,11,4,43,527
2021,11,02,11,4,54,37
2021,11,02,11,5,3,640
2021,11,02,11,6,23,747
2021,11,02,11,7,43,576
2021,11,02,11,9,13,851
2021,11,02,11,9,24,50
2021,11,02,11,9,34,121
2021,11,02,11,9,43,694
2021,11,02,11,10,54,44
2021,11,02,11,11,3,585
2021,11,02,11,12,3,830
2021,11,02,11,12,13,778
2021,11,02,11,12,24,39
2021,11,02,11,13,33,826
2021,11,02,11,13,44,397
2021,11,02,11,13,54,63
2021,11,02,11,14,53,845
2021,11,02,11,15,4,292
2021,11,02,11,15,14,270
2021,11,02,11,16,43,922
2021,11,02,11,16,54,462
2021,11,02,11,17,3,941
2021,11,02,11,18,4,219
2021,11,02,11,18,14,40
2021,11,02,11,18,24,644
2021,11,02,11,19,34,305
2021,11,02,11,19,44,596
2021,11,02,11,19,54,577
2021,11,02,11,21,14,156
2021,11,02,11,22,34,545
2021,11,02,11,23,44,302
2021,11,02,11,23,55,217
2021,11,02,11,24,4,633
2021,11,02,11,24,14,767
2021,11,02,11,24,24,371
2021,11,02,11,24,34,318
2021,11,02,11,25,44,949
2021,11,02,11,25,54,552
2021,11,02,11,26,54,705
2021,11,02,11,27,4,682
2021,11,02,11,27,15,380
2021,11,02,11,28,24,635
2021,11,02,11,28,35,333
2021,11,02,11,28,44,967
2021,11,02,11,30,5,139
2021,11,02,11,31,45,268
2021,11,02,11,31,54,996
2021,11,02,11,33,5,346
2021,11,02,11,33,15,418
2021,11,02,11,34,25,237
2021,11,02,11,34,35,433
2021,11,02,11,34,44,943
2021,11,02,11,36,5,83
2021,11,02,11,38,45,240
2021,11,02,11,38,55,375
2021,11,02,11,39,5,791
2021,11,02,11,39,15,176
2021,11,02,11,39,25,623
2021,11,02,11,39,45,768
2021,11,02,11,40,25,340
2021,11,02,11,40,36,223
2021,11,02,11,40,45,702
2021,11,02,11,42,5,438
2021,11,02,11,44,45,750
2021,11,02,11,44,55,946
2021,11,02,11,46,25,722
2021,11,02,11,46,36,513
2021,11,02,11,46,46,241
2021,11,02,11,47,55,654
2021,11,02,11,48,6,258
2021,11,02,11,49,5,909
2021,11,02,11,49,16,168
2021,11,02,11,49,26,53
2021,11,02,11,49,35,813
2021,11,02,11,50,45,974
2021,11,02,11,50,56,422
2021,11,02,11,52,6,25
2021,11,02,11,52,16,254
2021,11,02,11,53,36,176
2021,11,02,11,53,46,592
2021,11,02,11,53,56,7
2021,11,02,11,54,6,267
2021,11,02,11,54,16,808
2021,11,02,11,55,6,170
2021,11,02,11,55,16,461
2021,11,02,11,55,26,470
2021,11,02,11,55,36,294
2021,11,02,11,56,56,559
2021,11,02,11,58,6,253
2021,11,02,11,58,16,450
2021,11,02,11,58,26,927
2021,11,02,11,59,26,360
2021,11,02,11,59,36,403
2021,11,02,11,59,46,505
2021,11,02,12,1,6,770
2021,11,02,12,1,16,686
2021,11,02,12,1,27,10
2021,11,02,12,1,36,799
2021,11,02,12,2,47,54
2021,11,02,12,2,56,846
2021,11,02,12,4,27,91
2021,11,02,12,5,46,825
2021,11,02,12,8,27,107
2021,11,02,12,8,37,492
2021,11,02,12,8,47,128
2021,11,02,12,8,57,324
2021,11,02,12,9,7,365
2021,11,02,12,9,57,71
2021,11,02,12,10,7,518
2021,11,02,12,10,17,340
2021,11,02,12,10,27,412
2021,11,02,12,11,27,97
2021,11,02,12,11,37,324
2021,11,02,12,11,47,427
2021,11,02,12,12,57,464
2021,11,02,12,13,7,880
2021,11,02,12,13,17,421
2021,11,02,12,14,27,552
2021,11,02,12,14,37,874
2021,11,02,12,16,17,347
2021,11,02,12,16,27,606
2021,11,02,12,17,17,562
2021,11,02,12,17,28,353
2021,11,02,12,17,37,456
2021,11,02,12,17,47,622
2021,11,02,12,18,57,785
2021,11,02,12,19,8,419
2021,11,02,12,23,48,187
2021,11,02,12,24,58,130
2021,11,02,12,25,8,734
2021,11,02,12,25,18,870
2021,11,02,12,26,18,177
2021,11,02,12,26,28,875
2021,11,02,12,26,38,104
2021,11,02,12,27,58,399
2021,11,02,12,29,8,124
2021,11,02,12,29,18,353
2021,11,02,12,29,29,114
2021,11,02,12,30,58,607
2021,11,02,12,31,8,961
2021,11,02,12,31,18,908
2021,11,02,12,32,28,355
2021,11,02,12,32,38,521
2021,11,02,12,33,48,683
2021,11,02,12,33,58,535
2021,11,02,12,35,8,543
2021,11,02,12,35,18,584
2021,11,02,12,35,28,968
2021,11,02,12,36,48,765
2021,11,02,12,37,58,710
2021,11,02,12,38,8,939
2021,11,02,12,38,18,948
2021,11,02,12,38,28,864
2021,11,02,12,38,38,998
2021,11,02,12,39,48,785
2021,11,02,12,39,59,233
2021,11,02,12,40,9,180
2021,11,02,12,41,8,956
2021,11,02,12,41,18,810
2021,11,02,12,41,29,725
2021,11,02,12,42,38,951
2021,11,02,12,42,49,585
2021,11,02,12,45,49,136
2021,11,02,12,45,59,553
2021,11,02,12,46,9,405
2021,11,02,12,46,59,392
2021,11,02,12,47,9,464
2021,11,02,12,47,19,287
2021,11,02,12,47,29,639
2021,11,02,12,48,29,324
2021,11,02,12,48,40,145
2021,11,02,12,48,49,937
2021,11,02,12,50,20,24
2021,11,02,12,51,39,508
2021,11,02,12,53,20,136
2021,11,02,12,53,29,771
2021,11,02,12,54,49,880
2021,11,02,12,55,0,514
2021,11,02,12,55,59,856
2021,11,02,12,56,10,458
2021,11,02,12,56,20,282
2021,11,02,12,57,19,777
2021,11,02,12,57,30,443
2021,11,02,12,57,40,265
2021,11,02,12,59,0,62
2021,11,02,12,59,10,449
2021,11,02,13,0,40,506
2021,11,02,13,0,50,140
2021,11,02,13,1,0,463
2021,11,02,13,1,50,73
2021,11,02,13,2,0,770
2021,11,02,13,2,10,62
2021,11,02,13,2,20,853
2021,11,02,13,3,30,548
2021,11,02,13,3,40,589
2021,11,02,13,3,50,567
2021,11,02,13,4,50,282
2021,11,02,13,5,0,637
2021,11,02,13,5,10,988
2021,11,02,13,6,30,410
2021,11,02,13,8,0,653
2021,11,02,13,8,10,508
2021,11,02,13,8,21,111
2021,11,02,13,9,30,930
2021,11,02,13,9,40,784
2021,11,02,13,9,51,418
2021,11,02,13,10,50,601
2021,11,02,13,11,0,830
2021,11,02,13,11,11,464
2021,11,02,13,12,30,762
2021,11,02,13,15,31,281
2021,11,02,13,15,41,416
2021,11,02,13,15,51,145
2021,11,02,13,16,51,109
2021,11,02,13,17,1,181
2021,11,02,13,17,11,347
2021,11,02,13,19,41,276
2021,11,02,13,19,51,753
2021,11,02,13,20,1,981
2021,11,02,13,21,11,145
2021,11,02,13,21,21,280
2021,11,02,13,23,1,439
2021,11,02,13,23,11,574
2021,11,02,13,24,21,360
2021,11,02,13,24,32,278
2021,11,02,13,24,42,318
2021,11,02,13,25,41,751
2021,11,02,13,25,52,135
2021,11,02,13,26,1,926
2021,11,02,13,27,11,808
2021,11,02,13,27,22,410
2021,11,02,13,28,31,791
2021,11,02,13,28,41,863
2021,11,02,13,28,52,530
2021,11,02,13,30,1,786
2021,11,02,13,30,12,139
2021,11,02,13,30,22,336
2021,11,02,13,30,32,65
2021,11,02,13,30,42,450
2021,11,02,13,31,51,986
2021,11,02,13,32,2,747
2021,11,02,13,33,2,117
2021,11,02,13,33,12,346
2021,11,02,13,33,22,387
2021,11,02,13,34,42,371
2021,11,02,13,34,52,474
2021,11,02,13,36,2,199
