2559
2053
2273
2494
2701
1692
1112
1378
1601
1807
2061
2249
2469
2706
1695
1100
1337
1559
1795
2014
2235
2471
2693
2928
3158
2141
1575
1813
2033
2271
2488
2724
2943
1932
1323
1542
1762
1999
2221
2459
2677
2914
1904
1309
1545
1768
2005
2224
2444
2682
1673
1080
1316
1537
1773
1993
2231
2451
2669
1674
1081
1313
1532
1770
1991
2211
2449
2669
2905
3127
2116
1553
1788
2011
2247
2467
2689
2925
3147
2154
1529
1752
1985
2206
2428
2666
2888
1893
1300
1553
1754
1977
2214
2436
2674
1663
1069
1307
1529
1750
1988
2209
2446
2683
1653
1076
1313
1535
1773
1995
2218
2437
2678
2913
3165
2155
1560
1781
2018
2240
2478
2698
2936
3159
2150
1538
1760
1980
2216
2452
2672
2892
1897
1303
1539
1759
1981
2217
2438
2673
1664
1069
1292
1527
1747
1987
2206
2442
2662
1651
1074
1313
1531
1751
1990
2210
2432
2668
2890
3129
2119
1559
1779
2017
2239
2459
2696
2918
3156
2145
1529
1755
1975
2213
2434
2672
2892
1899
1304
1540
1762
1984
2223
2442
2679
1669
1075
1286
1521
1740
1976
2197
2418
2654
1645
1067
1289
1526
1747
2018
2207
2428
2664
2885
3107
2096
1548
1770
2009
2229
2449
2686
2906
3142
2133
1505
1741
1964
2200
2422
2645
2881
1888
1292
1514
1750
1971
2209
2431
2669
2891
1882
1289
1509
1747
1983
2204
2442
2664
1653
1075
1296
1535
1750
1970
2192
2429
2651
2891
3108
2097
1536
1775
1996
2235
2455
2694
2912
3135
2126
1515
1753
1973
2193
2429
2647
2900
1891
1294
1516
1736
1968
2208
2430
2651
2872
1877
1281
1502
1738
1974
2195
2416
2652
1643
1062
1284
1504
1740
1961
2181
2419
2640
2875
3097
2088
1526
1762
1984
2223
2444
1664
2915
2152
1371
2641
1879
1101
2383
1603
2886
2108
1328
2642
1862
3114
2352
1570
795
2063
1298
2581
1802
1024
2309
1529
2845
2065
1287
2538
1774
995
2264
1502
2771
2007
1227
2495
1731
3031
2250
1504
2737
1959
1183
2465
1685
921
2190
1426
2694
1916
1152
2453
1673
2925
2163
1385
2654
1891
1113
2398
1634
2902
2122
1345
2661
1882
3132
2367
1587
809
2078
1314
2598
1820
1040
2323
1559
2842
2080
1302
2553
1773
1011
2296
1518
2785
2005
1243
2528
1748
3048
2268
1505
2758
1978
1215
2497
1704
939
2224
1446
2715
1953
1175
2474
1710
2964
2184
1406
2689
1923
1145
2412
1634
2919
2139
1376
2674
1896
3149
2385
1604
843
2110
1332
2633
1839
1077
2344
1566
2881
2101
1321
2572
1811
1032
2302
1537
2804
2040
1260
2527
1765
3066
2306
1529
2781
2019
1239
2506
1726
966
2235
1489
2759
1965
1202
2503
1742
2993
2214
1452
2720
1940
1177
2444
1665
2948
2170
1407
2703
1947
3185
2421
1641
864
2149
1372
2655
1875
1096
2381
1604
2919
2138
1377
2628
1848
1069
2336
1573
2855
2078
1300
2586
1808
3110
2348
1584
2820
2057
1277
2546
1769
1004
2289
1510
2777
2019
1236
2553
1773
3010
2248
1468
707
1976
1214
2481
1700
2986
2208
1446
2745
1965
3218
2456
1676
912
2181
1403
2688
1924
1147
2413
1650
2950
2171
1409
2662
1884
1105
2388
1613
845
2112
1333
2617
1838
3153
2376
1596
2846
2085
1307
2577
1815
1037
2320
1543
2809
2047
1270
2585
1805
3040
2277
1513
737
2003
1242
1527
1794
2094
2361
2611
850
1116
1383
1700
1953
2220
2505
2774
3076
1310
1561
1830
2099
2382
2696
2931
1167
5160
2149
1970
2287
2540
757
1024
1308
1575
1891
2128
2411
2678
2963
1183
1499
1751
2019
2305
2574
2874
3126
1347
1612
1895
2180
2481
2734
956
1226
1508
1794
2093
2343
2610
2893
1112
1383
1683
1953
2219
2485
2769
3070
1290
1542
1826
2093
2359
2675
2927
1149
1417
1700
1966
2266
2533
752
1021
1287
1569
1869
2120
2387
2670
2939
1176
1475
1726
2008
2275
2541
2855
3108
1330
1599
1883
2152
2464
2715
935
1201
1485
1751
2051
2302
2585
2867
1088
1353
1652
1906
2171
2454
2722
3039
1259
1511
1780
2064
2333
2631
2886
1108
1391
1674
1940
2239
2491
711
994
1263
1546
1845
2096
2364
2649
2916
1152
1451
1704
1970
2255
2524
2825
3075
1313
1580
1865
2134
2432
2683
920
1186
1471
1738
2039
2292
2558
2843
1064
1332
1645
1897
2164
2447
2715
3016
1252
1487
1770
2038
2321
2622
2873
1095
1376
1658
1911
2227
2477
2744
964
1246
1514
1828
2063
2345
2629
2896
1116
1430
1684
1952
2221
2504
2805
3059
1277
1562
1829
2098
2415
2652
890
1157
1440
1709
2025
2278
2545
2814
1052
1320
1621
1871
2156
2423
2706
3004
3255
1478
1763
2029
2295
2610
2848
1083
1352
1635
1902
2219
2470
2740
963
1248
1515
1817
2070
2338
2620
2905
1125
1426
1678
1961
2228
2495
1810
1062
4057
1645
4639
2262
1529
4522
2128
1398
4391
2027
1280
4273
1878
4870
2476
1759
4751
2358
1627
4622
2259
1509
4502
2105
1404
4412
1971
1256
4248
1870
1123
4116
1736
1003
3998
1634
871
3863
1468
4460
2067
1349
4345
1950
1234
4226
1849
1116
4090
1691
4692
2311
1580
4576
2181
1450
4444
2081
1333
4325
1931
4926
2531
1800
4811
2398
1681
4674
2311
1546
831
3839
1460
4454
2026
1293
4304
1910
1179
4177
1794
1064
4057
1693
928
3921
1541
4517
2124
1409
4401
2007
1293
4287
1907
1160
4153
1758
4753
2360
1627
4637
2241
1511
4503
2140
1377
4388
1975
1293
4283
1857
1143
4135
1741
1009
4002
1606
875
3867
1519
756
3750
1354
4348
1953
1236
4230
1836
1105
4099
1737
991
3985
1589
4583
2205
1473
4467
2058
1341
4337
1975
1229
4223
1827
4821
2426
1695
4691
2298
1581
4575
2213
1467
4444
2050
1383
4363
1937
1204
4197
1818
1086
4081
1687
954
3965
1586
839
3831
1437
4428
2033
5021
2657
1909
1175
4171
1807
1060
4054
1640
4633
2255
1525
4517
2122
1405
4400
2020
1290
4266
1871
4864
2468
1752
4745
2349
1616
4628
2250
1502
4496
2100
1402
4411
1962
1254
4248
1852
1122
4116
1736
1005
3997
1634
885
3880
1468
4462
2082
1367
4346
1952
1237
4230
1853
3862
2481
4474
1081
3075
1728
3722
2407
4398
985
2964
1631
3610
2261
4256
2941
1194
3189
1874
3868
2487
4479
1084
3092
1743
3735
2404
4413
987
2981
1633
3626
2277
4272
2957
1208
3185
1870
3881
2499
4492
1098
3092
1744
3738
2425
4420
992
2985
1638
3631
2300
4277
2959
1228
3205
1888
3881
2502
4511
1101
3111
1763
3756
2438
4433
1007
3002
1652
3645
2295
4288
2973
1224
3219
1886
3881
2515
4510
1116
3109
1759
3770
2437
4430
1002
3011
1648
3643
2309
4305
2970
1239
3217
1902
3895
2514
4522
1127
3119
1770
3763
2446
4440
1015
3007
1660
3653
2308
4300
2983
1236
3231
1916
3911
2530
4523
1127
3120
1770
3763
2450
703
2697
1379
3375
1996
3989
2639
4634
1240
3249
1918
3911
2532
4523
1126
3117
1783
3758
2438
4446
1016
3008
1656
3646
2297
4289
2969
1221
3213
1894
3887
2503
4494
1097
3089
1757
3734
2417
4410
983
2975
1640
3631
2283
4275
2958
1211
3204
1872
3864
2482
4475
1097
3089
1741
3733
2417
4410
984
2978
1646
3622
2274
4284
2953
1203
3198
1880
3872
2506
4498
1085
3078
1731
3722
2405
4398
986
2980
1616
3624
2276
4271
2953
1203
3195
1861
3873
2497
4493
1099
3096
749
2114
3127
4107
2145
3141
4135
2172
3166
4159
2223
3218
4209
2215
3210
865
2224
3217
4210
2247
3241
4236
2270
3251
901
2297
3305
4282
2284
3295
945
2308
3303
954
2331
3325
4320
2357
3349
1000
2394
3405
4398
2402
3397
1049
2409
3404
1070
2432
3424
4417
2450
3442
1093
2485
3477
1095
2473
3484
1118
2494
3486
1139
2515
3509
4505
2522
3533
1185
2579
3572
1191
2567
3562
1213
2588
3582
1234
2612
3604
1287
2616
3624
1258
2669
3659
1279
2657
3649
1309
2669
3661
1314
2689
3679
1365
2690
3683
1349
2758
3737
1357
2736
3729
1380
2758
3752
1404
2782
3760
1444
2807
3783
1433
2842
3834
1454
2446
3436
1453
2810
3819
1471
2840
3814
1497
2822
3792
1469
2846
3838
1472
2464
3434
1482
2841
3833
1499
2861
3858
1528
2873
3865
1509
2904
3895
1514
2504
3478
1515
2874
3865
1530
2887
3879
1563
2558
3534
1536
2929
3921
1539
2532
3525
1560
2935
3927
1576
2952
3941
1626
2615
3607
1609
3004
3998
1618
2612
3606
1655
3015
4009
1661
3037
4029
1710
2702
3694
1682
3090
4082
1700
2690
3675
1708
2700
3687
1722
3096
3090
3061
3052
3041
3035
3029
3019
2994
2987
2981
2974
2965
2944
2935
2944
2937
2926
2920
2910
2886
2878
2872
2865
2857
2850
2841
801
1164
1543
1932
2277
2654
3015
3021
3000
2992
3001
2993
3195
3187
3180
3158
3151
3146
3137
3131
3122
3098
3089
3083
3075
3066
3057
3051
3045
3039
3032
3006
3002
2995
2987
2980
2976
2950
2957
918
1277
1668
2062
2389
2765
2775
2766
2760
2737
2730
2724
2716
2707
2699
2690
2682
3153
3144
3119
3112
3106
3097
3091
3083
3062
3055
3064
3104
3096
3076
3066
3057
3048
3042
3034
3010
3002
2996
2988
2978
2971
2949
2943
2950
2943
2921
2915
2906
2900
2893
2884
2862
2857
2863
825
1183
1560
1951
2294
2672
2665
2659
2648
2639
2629
2844
3218
3211
3186
3176
3166
3158
3148
3138
3112
3102
3094
3087
3077
3067
3041
3031
3040
3032
3022
2997
2990
2980
2970
2961
2938
2931
2921
900
1258
1634
2024
2370
2744
2737
2713
2706
2699
2690
2681
2672
2647
2640
2631
2719
3114
3120
3097
3091
3081
3074
3064
3057
3047
3040
3031
2068
1429
2850
2229
1588
965
2386
1747
1122
2527
1901
1276
2682
2056
1433
2855
2213
1590
2998
2372
1747
3168
2529
1906
1297
2686
2063
1456
2844
2222
1627
3001
2376
1766
1128
2535
1926
1270
2695
2088
1447
808
2248
1591
965
2404
1746
1121
2574
1904
1278
2717
2078
1437
2891
2236
1599
3050
2396
1754
1129
2550
1909
1284
2706
2084
1445
2854
2245
1607
969
2409
1771
1133
2573
1933
1311
2719
2097
1474
2897
2257
1633
3058
2420
1798
3222
2584
1959
1352
2745
2121
1514
2905
2281
1672
1021
2443
1834
1181
2601
1995
1339
715
2153
1496
874
2312
1674
1036
2475
1822
1212
2635
1978
1353
2793
2139
1513
2969
2315
1674
3111
2472
1833
1208
2614
1992
1354
2774
2152
1513
889
2310
1668
1046
2469
1846
1208
2629
2007
1367
2790
2165
1524
2945
2320
1679
3104
2479
1840
3265
2640
2002
1411
2801
2162
1571
2964
2325
1733
1078
2499
1893
1236
2658
2051
1394
771
2227
1553
929
2367
1711
1070
2526
2919
1293
1714
2154
2544
902
1340
1782
2158
2596
955
1409
1784
2207
2631
3056
1414
1837
2259
2681
3119
1461
1886
2292
2746
1091
1497
1921
2375
2771
1132
1556
2010
2386
2824
1183
1621
2011
2432
810
3265
1641
2065
2487
2909
1268
1690
2114
2521
2974
1318
1728
2150
2604
2980
1355
1780
2220
2608
983
1407
1844
2238
2661
1037
1476
1865
2289
2713
3120
1497
1921
2345
2751
1110
1532
1953
2375
2815
1158
1580
2002
2442
2834
1211
1635
2075
2467
2891
1268
1706
2098
2522
897
1338
1731
2151
2573
2981
1340
1778
2184
2606
3046
1389
1813
2234
2690
1035
1444
1868
2308
2697
1058
1496
1950
2322
2746
1124
1562
1953
2362
736
3203
1560
1981
2404
2827
1188
1610
2031
2450
2887
1230
1651
2071
2511
2900
1258
1695
2132
2524
884
1321
1760
2136
2575
937
1373
1765
2186
2611
3014
1389
1809
2230
2652
3089
1434
1855
2261
2713
1057
1466
1903
2340
1716
1137
2607
2031
1455
2924
2362
1752
1175
2627
2050
1472
2942
2382
1771
1193
2660
2085
1489
2959
2415
1790
1215
2682
2104
1527
2998
2435
1825
1246
2701
2123
1544
3014
2454
1843
1267
2720
2143
1567
3038
2477
1869
1307
2761
2167
1588
3073
2511
1884
1320
2791
2198
1623
3090
2549
1925
1346
2816
2224
1646
3114
2552
1944
1367
2837
2262
1687
3156
2596
1972
1397
2866
2288
1712
3167
2623
2015
1440
848
2336
1741
3213
2653
2044
1469
877
2364
1788
3241
2695
2071
1492
914
2385
1807
3275
2713
2106
1529
938
2406
1830
1268
2740
2131
1555
978
2429
1851
1305
2756
2165
1574
995
2464
1887
1325
2796
2190
1594
1017
2488
1912
1352
2821
2211
1619
1041
2509
1931
1386
2840
2230
1653
1075
2544
1965
1405
2877
2252
1675
1097
2565
1988
1426
2896
2286
1707
1115
2583
2023
1444
2912
2302
1724
1132
1602
2073
2545
965
1434
1901
2354
2823
1263
1749
2204
2674
3160
1520
1991
2459
2924
1346
1814
2279
2731
1150
1619
2085
2551
974
1423
1892
2358
2811
1263
1732
2201
2652
3118
1509
1978
2446
2911
1319
1785
2251
2719
1127
1596
2063
2530
951
1421
1889
2343
2813
1249
1718
2184
2651
3121
1497
1964
2434
2906
1329
1798
2267
2718
1138
1608
2062
2545
966
1418
1888
2356
2823
1263
1730
2198
2649
3118
1509
1978
2446
2916
1337
1807
2259
2728
1153
1606
2074
2545
964
1433
1901
2354
2826
1266
1733
2201
2671
3139
1514
1982
2449
2917
1339
1808
2279
2746
1151
1619
2088
2558
965
1435
1903
2374
2843
1283
1750
2217
2671
3139
1528
2000
2468
2938
1346
1830
2283
2753
1159
1627
2097
2567
988
1457
1926
2377
2847
1287
1754
2224
2694
3162
1535
2003
2471
2938
1362
3359
2347
1798
1265
3260
2281
1748
3745
2701
2155
1626
1094
3088
2077
1531
998
2994
1985
1457
3463
2446
1925
1401
3420
2431
1890
1364
3365
2343
1804
1275
750
2751
1744
1216
3215
2194
1667
1140
3122
2115
1586
3586
2595
2065
1536
3535
2496
1965
1438
907
2890
1883
1352
3351
2341
1810
1263
3278
2251
1723
1193
3188
2197
4195
3153
2622
2091
1558
1006
3013
1985
1450
918
2910
1899
1365
3344
2347
1801
1267
3261
2264
1734
3727
2683
2151
1605
1073
3069
2060
1546
998
7072
2401
1869
1386
855
2834
1777
1230
3243
2231
1700
1152
3149
2140
1593
3588
2576
2045
1515
3494
2499
1954
1421
892
2887
1876
1344
7003
2123
1591
1089
3081
2024
1495
963
2958
1947
1417
3398
2405
1875
1344
3342
2314
1768
1237
709
2703
1692
2687
3666
1178
9480
3471
2355
3368
1312
6961
1132
2129
3126
4107
5102
1652
7108
1290
6894
3076
1546
6528
2760
1228
6895
1032
6187
2399
853
5895
2175
3171
1161
6649
2881
1335
2348
7773
2150
3161
1153
2150
6519
896
6517
2204
3198
1223
9221
3212
5712
2086
3083
1106
2099
3094
4073
5068
1605
2600
3579
1088
6800
951
8934
2941
3922
4918
1644
7290
1649
6781
3043
1495
2506
3501
1010
7007
2566
1032
6952
1261
6925
2627
1095
9093
3085
4080
1572
2565
3561
1039
9039
3029
1659
2652
3633
4627
1641
2635
3630
1139
6381
2099
3109
4089
1631
7201
1530
6746
2991
1460
7379
1594
2588
3584
1124
6978
1195
6541
2677
1148
7066
2755
1206
9207
3200
7040
1368
6488
2781
1267
9265
1066
9066
3056
965
7963
2427
2405
5520
2159
6217
1351
5647
2891
5062
2289
4619
1847
5567
828
1366
8364
2458
2456
9437
2427
9425
2849
2830
2823
6093
1356
5604
2848
2841
2837
6366
1596
5780
3087
5543
2772
5438
2684
2676
6206
1385
8382
2556
2551
2547
7292
1434
8433
2927
2907
2900
7132
2489
2502
9485
3019
3016
3012
6779
1948
8948
1939
8923
2807
2785
2780
7203
2401
2381
9381
2358
2368
7352
2631
6127
1394
5780
3009
3006
3003
6645
1890
5852
1243
5651
3026
3038
4810
2054
6062
1419
5538
2961
2972
2969
9953
2946
7899
1211
8212
2612
2590
9588
2738
2718
6744
2005
6400
1788
6372
1523
8521
2314
2342
9341
2350
2347
9347
2707
2702
2698
6983
2230
2227
5323
2568
6545
1905
5115
1345
1411
2005
4980
1211
2171
5083
1308
3612
2590
8588
2852
8849
1191
4266
3262
7053
1251
2292
8291
1433
1594
1327
994
1702
2298
9145
1521
1941
2537
6165
2476
8457
1298
2789
8785
2043
8043
1539
2916
5572
1816
1467
7452
1763
3042
9043
2155
8137
1362
2274
3171
9153
2439
5527
1757
2717
8715
1713
1045
3687
2684
8684
1764
2583
8581
1836
927
1890
2039
5565
1864
5149
1398
2974
8978
1995
8368
2793
6078
2341
8330
1810
1370
2033
8034
1229
4259
3272
9257
2288
8292
1774
2625
8626
1930
7933
1431
2428
8428
1764
2807
8809
1988
7988
1518
2449
8448
1784
2746
5948
2177
8177
1673
3147
9148
1878
7864
1423
2766
6278
1884
5740
2033
5269
3264
2062
1946
3686
5790
1099
3222
8221
2986
8594
1971
2157
2343
1985
3309
8292
1013
1311
1227
2774
3202
2621
1946
2086
1891
1453
1321
1158
2977
8871
2292
2300
3207
8206
1947
2116
1343
1096
2640
2425
2212
2272
2012
2439
2591
1305
1374
1737
2896
1356
2500
1518
2519
1616
2009
2661
3021
8021
2371
2445
2342
2673
3962
1956
2061
2056
1284
1521
3819
2613
2415
2297
2578
2204
1752
3443
8441
824
3122
2636
4855
2850
4138
10323
1521
1613
1477
2078
2041
1414
1775
2890
2359
4162
9162
1625
1829
2382
1576
1426
1246
1080
2818
2878
2472
3122
2702
2808
2260
1696
3959
1967
1320
1251
1147
1413
2443
3777
2316
2102
2854
2342
1365
5364
2632
2007
2121
2938
4440
8933
1305
2970
1419
2621
1677
2347
2683
1595
2205
1932
3245
7245
1265
5246
2242
1365
2902
1849
2537
2441
1532
2366
4013
10173
2563
1876
1638
1495
2473
4155
10183
2607
2802
1731
2707
3141
2453
1302
2375
1896
2679
2632
3867
1374
1889
2641
2420
2005
1622
1926
2710
2281
2524
2125
1238
2120
2104
2970
6967
1308
1853
2590
2593
1650
2372
2646
4202
9433
1825
3060
4004
8677
3129
2526
1614
2800
1266
2117
6116
10100
3082
1691
2463
2463
2226
1863
2169
1706
2059
2971
2108
1504
1953
1315
5316
9298
955
2429
1296
2161
2946
2291
2756
4135
8117
756
3756
3063
2273
2204
2247
2207
1688
2096
969
3953
2858
2309
1534
1033
1901
2828
1764
1660
2084
1628
2211
5193
2835
5836
1830
1681
4679
868
3868
1480
4479
919
992
3991
3725
2822
1054
805
1580
2563
1227
1476
4475
1538
4537
3297
1018
1664
4644
1374
1301
1612
4609
2923
1764
4762
2066
2921
1138
1289
1456
1450
1440
2104
2625
2091
1334
4331
1313
1503
1896
1922
1561
1936
4920
1586
1850
2083
2907
1715
2029
5010
2028
2469
2237
5235
2781
2708
2075
2100
2190
2406
2224
2458
2321
2590
2406
2622
2646
2528
3111
2612
2702
951
3933
2918
2494
1064
1089
4090
1692
3691
1712
3711
5697
2707
2499
1797
3780
1302
3303
1355
3340
1839
3822
2897
2418
1924
1061
3059
1334
3333
1111
3109
1287
3272
2282
4265
1693
3677
1984
1794
3795
1251
5010
2086
4084
2021
4025
1607
3607
1832
3830
1177
3162
2922
4904
2074
972
2954
1117
3099
2413
1536
3534
5516
1966
3948
1519
3520
1650
3651
1716
3714
1845
3844
1587
3572
2212
4212
1450
3447
1467
3466
2430
1535
3520
1826
3827
983
3862
2745
2076
4061
2670
1298
3299
5283
2440
2442
2426
4425
2745
1626
3627
1646
3644
2222
4220
1998
3983
2385
1138
3122
1652
3635
1283
2285
3283
1643
2626
3627
2261
3261
2040
3024
4009
5008
1401
2383
3382
4366
2087
3085
1238
2351
3334
4335
890
2864
1863
2862
1462
2463
3447
2417
3415
4414
2151
3132
1844
2938
3932
1934
2944
3940
1447
2441
3451
1982
2995
3991
2830
3824
2629
4249
2335
3331
4311
2623
997
2874
1170
3064
4063
1400
2398
3394
1592
2607
3587
4586
1907
3002
3998
1365
2361
3341
1333
2362
3356
4342
2763
3760
2121
3120
1318
2350
3349
1614
3443
1673
2752
3752
1887
2884
3866
2129
3148
4143
2297
3297
2263
3261
4245
1470
2468
1213
2210
