2021,11,07,17,21,57,916
2021,11,07,17,22,8,154
2021,11,07,17,22,17,743
2021,11,07,17,22,27,983
2021,11,07,17,22,38,219
2021,11,07,17,22,47,823
2021,11,07,17,22,58,61
2021,11,07,17,23,8,299
2021,11,07,17,23,17,899
2021,11,07,17,23,28,139
2021,11,07,17,23,38,383
2021,11,07,17,23,47,979
2021,11,07,17,23,58,221
2021,11,07,17,24,8,461
2021,11,07,17,24,18,62
2021,11,07,17,24,28,301
2021,11,07,17,24,38,543
2021,11,07,17,24,48,139
2021,11,07,17,24,58,382
2021,11,07,17,25,7,999
2021,11,07,17,25,18,239
2021,11,07,17,25,28,475
2021,11,07,17,25,38,79
2021,11,07,17,25,48,319
2021,11,07,17,25,58,555
2021,11,07,17,26,8,143
2021,11,07,17,26,18,380
2021,11,07,17,26,28,623
2021,11,07,17,26,38,223
2021,11,07,17,26,48,459
2021,11,07,17,26,58,699
2021,11,07,17,27,8,303
2021,11,07,17,27,18,539
2021,11,07,17,27,28,143
2021,11,07,17,27,38,391
2021,11,07,17,27,48,623
2021,11,07,17,27,58,223
2021,11,07,17,28,8,459
2021,11,07,17,28,18,703
2021,11,07,17,28,28,303
2021,11,07,17,28,38,539
2021,11,07,17,28,48,781
2021,11,07,17,28,58,399
2021,11,07,17,29,8,639
2021,11,07,17,29,18,875
2021,11,07,17,29,28,475
2021,11,07,17,29,38,719
2021,11,07,17,29,48,955
2021,11,07,17,29,58,539
2021,11,07,17,30,8,782
2021,11,07,17,30,18,379
2021,11,07,17,30,28,623
2021,11,07,17,30,38,861
2021,11,07,17,30,48,461
2021,11,07,17,30,58,699
2021,11,07,17,31,8,943
2021,11,07,17,31,18,543
2021,11,07,17,31,28,783
2021,11,07,17,31,39,20
2021,11,07,17,31,48,619
2021,11,07,17,31,58,862
2021,11,07,17,32,9,103
2021,11,07,17,32,18,703
2021,11,07,17,32,28,943
2021,11,07,17,32,39,187
2021,11,07,17,32,48,799
2021,11,07,17,32,59,39
2021,11,07,17,33,8,635
2021,11,07,17,33,18,879
2021,11,07,17,33,29,119
2021,11,07,17,33,38,703
2021,11,07,17,33,48,939
2021,11,07,17,33,59,179
2021,11,07,17,34,8,791
2021,11,07,17,34,19,23
2021,11,07,17,34,29,261
2021,11,07,17,34,38,862
2021,11,07,17,34,49,102
2021,11,07,17,34,59,343
2021,11,07,17,35,8,940
2021,11,07,17,35,19,183
2021,11,07,17,35,28,782
2021,11,07,17,35,39,23
2021,11,07,17,35,49,262
2021,11,07,17,35,58,860
2021,11,07,17,36,9,103
2021,11,07,17,36,19,343
2021,11,07,17,36,28,959
2021,11,07,17,36,39,204
2021,11,07,17,36,49,443
2021,11,07,17,36,59,39
2021,11,07,17,37,9,279
2021,11,07,17,37,19,519
2021,11,07,17,37,29,99
2021,11,07,17,37,39,343
2021,11,07,17,37,48,943
2021,11,07,17,37,59,183
2021,11,07,17,38,9,420
2021,11,07,17,38,19,23
2021,11,07,17,38,29,259
2021,11,07,17,38,39,503
2021,11,07,17,38,49,103
2021,11,07,17,38,59,343
2021,11,07,17,39,9,581
2021,11,07,17,39,19,179
2021,11,07,17,39,29,423
2021,11,07,17,39,39,662
2021,11,07,17,39,49,261
2021,11,07,17,39,59,503
2021,11,07,17,40,9,119
2021,11,07,17,40,19,355
2021,11,07,17,40,29,599
2021,11,07,17,40,39,198
2021,11,07,17,40,49,439
2021,11,07,17,40,59,694
2021,11,07,17,41,9,262
2021,11,07,17,41,19,503
2021,11,07,17,41,29,743
2021,11,07,17,41,39,343
2021,11,07,17,41,49,579
2021,11,07,17,41,59,819
2021,11,07,17,42,9,423
2021,11,07,17,42,19,662
2021,11,07,17,42,29,899
2021,11,07,17,42,39,502
2021,11,07,17,42,49,739
2021,11,07,17,42,59,343
2021,11,07,17,43,9,583
2021,11,07,17,43,19,835
2021,11,07,17,43,29,419
2021,11,07,17,43,39,661
2021,11,07,17,43,49,901
2021,11,07,17,43,59,513
2021,11,07,17,44,9,755
2021,11,07,17,44,19,999
2021,11,07,17,44,29,598
2021,11,07,17,44,39,838
2021,11,07,17,44,50,79
2021,11,07,17,44,59,662
2021,11,07,17,45,9,904
2021,11,07,17,45,19,503
2021,11,07,17,45,29,738
2021,11,07,17,45,39,979
2021,11,07,17,45,49,583
2021,11,07,17,45,59,819
2021,11,07,17,46,10,62
2021,11,07,17,46,19,661
2021,11,07,17,46,29,903
2021,11,07,17,46,40,139
2021,11,07,17,46,49,742
2021,11,07,17,46,59,983
2021,11,07,17,47,10,219
2021,11,07,17,47,19,823
2021,11,07,17,47,30,61
2021,11,07,17,47,39,679
2021,11,07,17,47,49,915
2021,11,07,17,48,0,154
2021,11,07,17,48,9,754
2021,11,07,17,48,19,999
2021,11,07,17,48,30,238
2021,11,07,17,48,39,823
2021,11,07,17,48,50,61
2021,11,07,17,49,0,303
2021,11,07,17,49,9,899
2021,11,07,17,49,20,143
2021,11,07,17,49,30,380
2021,11,07,17,49,39,983
2021,11,07,17,49,50,231
2021,11,07,17,50,0,459
2021,11,07,17,50,10,62
2021,11,07,17,50,20,299
2021,11,07,17,50,29,901
2021,11,07,17,50,40,143
2021,11,07,17,50,50,380
2021,11,07,17,50,59,982
2021,11,07,17,51,10,223
2021,11,07,17,51,20,465
2021,11,07,17,51,30,75
2021,11,07,17,51,40,319
2021,11,07,17,51,50,555
2021,11,07,17,52,0,157
2021,11,07,17,52,10,399
2021,11,07,17,52,20,639
2021,11,07,17,52,30,223
2021,11,07,17,52,40,462
2021,11,07,17,52,50,62
2021,11,07,17,53,0,303
2021,11,07,17,53,10,539
2021,11,07,17,53,20,143
2021,11,07,17,53,30,383
2021,11,07,17,53,40,623
2021,11,07,17,53,50,223
2021,11,07,17,54,0,479
2021,11,07,17,54,10,699
2021,11,07,17,54,20,303
2021,11,07,17,54,30,539
2021,11,07,17,54,40,779
2021,11,07,17,54,50,383
2021,11,07,17,55,0,624
2021,11,07,17,55,10,860
2021,11,07,17,55,20,479
2021,11,07,17,55,30,719
2021,11,07,17,55,40,315
2021,11,07,17,55,50,558
2021,11,07,17,56,0,799
2021,11,07,17,56,10,379
2021,11,07,17,56,20,623
2021,11,07,17,56,30,861
2021,11,07,17,56,40,458
2021,11,07,17,56,50,698
2021,11,07,17,57,0,942
2021,11,07,17,57,10,543
2021,11,07,17,57,20,783
2021,11,07,17,57,31,23
2021,11,07,17,57,40,622
2021,11,07,17,57,50,861
2021,11,07,17,58,0,459
2021,11,07,17,58,11,343
2021,11,07,17,58,20,943
2021,11,07,17,58,30,543
2021,11,07,17,58,41,419
2021,11,07,17,58,51,23
2021,11,07,17,59,0,635
2021,11,07,17,59,10,875
2021,11,07,17,59,21,119
2021,11,07,17,59,30,715
2021,11,07,17,59,40,958
2021,11,07,17,59,51,199
2021,11,07,18,0,0,783
2021,11,07,18,0,11,26
2021,11,07,18,0,21,263
2021,11,07,18,0,30,871
2021,11,07,18,0,41,98
2021,11,07,18,0,50,701
2021,11,07,18,1,0,943
2021,11,07,18,1,11,183
2021,11,07,18,1,20,779
2021,11,07,18,1,31,23
2021,11,07,18,1,41,262
2021,11,07,18,1,50,861
2021,11,07,18,2,1,103
2021,11,07,18,2,11,343
2021,11,07,18,2,20,943
2021,11,07,18,2,31,177
2021,11,07,18,2,41,423
2021,11,07,18,2,51,34
2021,11,07,18,3,1,279
2021,11,07,18,3,10,876
2021,11,07,18,3,21,115
2021,11,07,18,3,31,355
2021,11,07,18,3,40,943
2021,11,07,18,3,51,183
2021,11,07,18,4,1,423
2021,11,07,18,4,11,23
2021,11,07,18,4,21,903
2021,11,07,18,4,31,503
2021,11,07,18,4,41,123
2021,11,07,18,4,51,343
2021,11,07,18,5,1,583
2021,11,07,18,5,11,183
2021,11,07,18,5,21,423
2021,11,07,18,5,31,23
2021,11,07,18,5,41,262
2021,11,07,18,5,51,503
2021,11,07,18,6,1,103
2021,11,07,18,6,11,343
2021,11,07,18,6,21,583
2021,11,07,18,6,31,199
2021,11,07,18,6,41,439
2021,11,07,18,6,51,675
2021,11,07,18,7,1,279
2021,11,07,18,7,11,519
2021,11,07,18,7,21,755
2021,11,07,18,7,31,343
2021,11,07,18,7,41,583
2021,11,07,18,7,51,823
2021,11,07,18,8,1,419
2021,11,07,18,8,11,659
2021,11,07,18,8,21,259
2021,11,07,18,8,31,503
2021,11,07,18,8,41,743
2021,11,07,18,8,51,343
2021,11,07,18,9,1,583
2021,11,07,18,9,11,823
2021,11,07,18,9,21,423
2021,11,07,18,9,31,663
2021,11,07,18,9,41,899
2021,11,07,18,9,51,503
2021,11,07,18,10,1,739
2021,11,07,18,10,11,983
2021,11,07,18,10,21,599
2021,11,07,18,10,31,839
2021,11,07,18,10,41,439
2021,11,07,18,10,51,679
2021,11,07,18,11,1,915
2021,11,07,18,11,11,519
2021,11,07,18,11,21,743
2021,11,07,18,11,31,979
2021,11,07,18,11,41,583
2021,11,07,18,11,51,827
2021,11,07,18,12,2,62
2021,11,07,18,12,12,943
2021,11,07,18,12,23,839
2021,11,07,18,12,34,715
2021,11,07,18,12,45,583
2021,11,07,18,12,57,103
2021,11,07,18,13,7,983
2021,11,07,18,13,18,861
2021,11,07,18,13,29,751
2021,11,07,18,13,40,639
2021,11,07,18,13,52,143
2021,11,07,18,14,3,19
2021,11,07,18,14,13,903
2021,11,07,18,14,24,782
2021,11,07,18,14,36,303
2021,11,07,18,14,47,199
2021,11,07,18,14,58,79
2021,11,07,18,15,8,943
2021,11,07,18,15,19,823
2021,11,07,18,15,31,343
2021,11,07,18,15,42,223
2021,11,07,18,15,53,104
2021,11,07,18,16,3,999
2021,11,07,18,16,14,879
2021,11,07,18,16,26,383
2021,11,07,18,16,37,262
2021,11,07,18,16,48,139
2021,11,07,18,16,59,19
2021,11,07,18,17,9,903
2021,11,07,18,17,21,439
2021,11,07,18,17,32,302
2021,11,07,18,17,43,183
2021,11,07,18,17,54,61
2021,11,07,18,18,4,943
2021,11,07,18,18,16,461
2021,11,07,18,18,27,359
2021,11,07,18,18,38,233
2021,11,07,18,18,49,103
2021,11,07,18,18,59,991
2021,11,07,18,19,11,503
2021,11,07,18,19,22,381
2021,11,07,18,19,33,259
2021,11,07,18,19,44,154
2021,11,07,18,19,55,662
2021,11,07,18,20,6,541
2021,11,07,18,20,17,419
2021,11,07,18,20,28,303
2021,11,07,18,20,39,185
2021,11,07,18,20,50,715
2021,11,07,18,21,1,595
2021,11,07,18,21,12,461
2021,11,07,18,21,23,343
2021,11,07,18,21,34,221
2021,11,07,18,21,45,739
2021,11,07,18,21,56,622
2021,11,07,18,22,7,518
2021,11,07,18,22,18,395
2021,11,07,18,22,29,261
2021,11,07,18,22,40,783
2021,11,07,18,22,51,663
2021,11,07,18,23,2,543
2021,11,07,18,23,13,423
2021,11,07,18,23,24,315
2021,11,07,18,23,35,823
2021,11,07,18,23,46,703
2021,11,07,18,23,57,581
2021,11,07,18,24,8,462
2021,11,07,18,24,19,983
2021,11,07,18,24,30,875
2021,11,07,18,24,41,755
2021,11,07,18,24,52,623
2021,11,07,18,25,3,503
2021,11,07,18,25,15,23
2021,11,07,18,25,25,903
2021,11,07,18,25,36,783
2021,11,07,18,25,47,675
2021,11,07,18,25,58,555
2021,11,07,18,26,10,61
2021,11,07,18,26,20,939
2021,11,07,18,26,31,823
2021,11,07,18,26,42,703
2021,11,07,18,26,53,583
2021,11,07,18,27,5,118
2021,11,07,18,27,15,982
2021,11,07,18,27,26,859
2021,11,07,18,27,37,743
2021,11,07,18,27,48,623
2021,11,07,18,28,0,143
2021,11,07,18,28,11,39
2021,11,07,18,28,21,919
2021,11,07,18,28,32,779
2021,11,07,18,28,43,661
2021,11,07,18,28,55,180
2021,11,07,18,29,6,61
2021,11,07,18,29,16,943
2021,11,07,18,29,27,835
2021,11,07,18,29,39,339
2021,11,07,18,29,50,221
2021,11,07,18,30,1,101
2021,11,07,18,30,11,983
2021,11,07,18,30,22,863
2021,11,07,18,30,34,399
2021,11,07,18,30,45,275
2021,11,07,18,30,56,143
2021,11,07,18,31,7,23
2021,11,07,18,31,17,903
2021,11,07,18,31,29,419
2021,11,07,18,31,40,319
2021,11,07,18,31,51,199
2021,11,07,18,32,2,79
2021,11,07,18,32,12,939
2021,11,07,18,32,24,462
2021,11,07,18,32,35,343
2021,11,07,18,32,46,223
2021,11,07,18,32,57,102
2021,11,07,18,33,7,995
2021,11,07,18,33,19,503
2021,11,07,18,33,30,383
2021,11,07,18,33,41,263
2021,11,07,18,33,52,141
2021,11,07,18,34,3,23
2021,11,07,18,34,14,555
2021,11,07,18,34,25,437
2021,11,07,18,34,36,303
2021,11,07,18,34,47,183
2021,11,07,18,34,58,703
2021,11,07,18,35,9,583
2021,11,07,18,35,20,462
2021,11,07,18,35,31,355
2021,11,07,18,35,42,235
2021,11,07,18,35,53,743
2021,11,07,18,36,4,619
2021,11,07,18,36,15,503
2021,11,07,18,36,26,383
2021,11,07,18,36,37,260
2021,11,07,18,36,48,799
2021,11,07,18,36,59,661
2021,11,07,18,37,10,543
2021,11,07,18,37,21,423
2021,11,07,18,37,32,303
2021,11,07,18,37,43,819
2021,11,07,18,37,54,719
2021,11,07,18,38,5,599
2021,11,07,18,38,16,462
2021,11,07,18,38,27,343
2021,11,07,18,38,38,862
2021,11,07,18,38,49,743
2021,11,07,18,39,0,621
2021,11,07,18,39,11,519
2021,11,07,18,39,22,399
2021,11,07,18,39,33,903
2021,11,07,18,39,44,779
2021,11,07,18,39,55,661
2021,11,07,18,40,6,543
2021,11,07,18,40,18,75
2021,11,07,18,40,28,955
2021,11,07,18,40,39,823
2021,11,07,18,40,50,701
2021,11,07,18,41,1,581
2021,11,07,18,41,13,103
2021,11,07,18,41,23,983
2021,11,07,18,41,34,875
2021,11,07,18,41,45,758
2021,11,07,18,41,56,623
2021,11,07,18,42,8,143
2021,11,07,18,42,19,22
2021,11,07,18,42,29,903
2021,11,07,18,42,40,783
2021,11,07,18,42,51,678
2021,11,07,18,43,3,183
2021,11,07,18,43,14,61
2021,11,07,18,43,24,942
2021,11,07,18,43,35,823
2021,11,07,18,43,46,699
2021,11,07,18,43,58,235
2021,11,07,18,44,9,115
2021,11,07,18,44,19,983
2021,11,07,18,44,30,861
2021,11,07,18,44,41,743
2021,11,07,18,44,53,262
2021,11,07,18,45,4,139
2021,11,07,18,45,15,35
2021,11,07,18,45,25,919
2021,11,07,18,45,37,419
2021,11,07,18,45,48,303
2021,11,07,18,45,59,183
2021,11,07,18,46,10,62
2021,11,07,18,46,20,943
2021,11,07,18,46,32,478
2021,11,07,18,46,43,343
2021,11,07,18,46,54,223
2021,11,07,18,47,5,106
2021,11,07,18,47,15,995
2021,11,07,18,47,27,502
2021,11,07,18,47,38,399
2021,11,07,18,47,49,275
2021,11,07,18,48,0,143
2021,11,07,18,48,11,19
2021,11,07,18,48,22,539
2021,11,07,18,48,33,419
2021,11,07,18,48,44,303
2021,11,07,18,48,55,199
2021,11,07,18,49,6,79
2021,11,07,18,49,17,583
2021,11,07,18,49,28,463
2021,11,07,18,49,39,342
2021,11,07,18,49,50,219
2021,11,07,18,50,1,99
2021,11,07,18,50,12,639
2021,11,07,18,50,23,503
2021,11,07,18,50,34,383
2021,11,07,18,50,45,262
2021,11,07,18,50,56,143
2021,11,07,18,51,7,662
2021,11,07,18,51,18,555
2021,11,07,18,51,29,439
2021,11,07,18,51,40,303
2021,11,07,18,51,51,183
2021,11,07,18,52,2,703
2021,11,07,18,52,13,579
2021,11,07,18,52,24,461
2021,11,07,18,52,35,359
2021,11,07,18,52,46,861
2021,11,07,18,52,57,743
2021,11,07,18,53,8,621
2021,11,07,18,53,19,503
2021,11,07,18,53,30,382
2021,11,07,18,53,41,919
2021,11,07,18,53,52,795
2021,11,07,18,54,3,659
2021,11,07,18,54,14,543
2021,11,07,18,54,25,420
2021,11,07,18,54,36,943
2021,11,07,18,54,47,823
2021,11,07,18,54,58,715
2021,11,07,18,55,9,599
2021,11,07,18,55,20,461
2021,11,07,18,55,31,982
2021,11,07,18,55,42,860
2021,11,07,18,55,53,742
2021,11,07,18,56,4,623
2021,11,07,18,56,15,518
2021,11,07,18,56,27,22
2021,11,07,18,56,37,903
2021,11,07,18,56,48,783
2021,11,07,18,56,59,671
2021,11,07,18,57,10,541
2021,11,07,18,57,22,75
2021,11,07,18,57,32,955
2021,11,07,18,57,43,823
2021,11,07,18,57,54,703
2021,11,07,18,58,6,223
2021,11,07,18,58,17,103
2021,11,07,18,58,27,979
2021,11,07,18,58,38,879
2021,11,07,18,58,49,759
2021,11,07,18,59,1,261
2021,11,07,18,59,12,143
2021,11,07,18,59,23,21
2021,11,07,18,59,33,903
2021,11,07,18,59,44,783
2021,11,07,18,59,56,319
2021,11,07,19,0,7,184
2021,11,07,19,0,18,61
2021,11,07,19,0,28,943
2021,11,07,19,0,39,820
2021,11,07,19,0,51,343
2021,11,07,19,1,2,239
2021,11,07,19,1,13,115
2021,11,07,19,1,23,983
2021,11,07,19,1,34,861
2021,11,07,19,1,46,380
2021,11,07,19,1,57,261
2021,11,07,19,2,9,439
2021,11,07,19,2,20,943
2021,11,07,19,2,33,100
2021,11,07,19,2,45,279
2021,11,07,19,2,57,423
2021,11,07,19,3,8,943
2021,11,07,19,3,21,115
2021,11,07,19,3,33,262
2021,11,07,19,3,45,423
2021,11,07,19,3,57,583
2021,11,07,19,4,9,103
2021,11,07,19,4,21,262
2021,11,07,19,4,33,423
2021,11,07,19,4,45,583
2021,11,07,19,4,57,101
2021,11,07,19,5,9,263
2021,11,07,19,5,21,423
2021,11,07,19,5,33,595
2021,11,07,19,5,45,740
2021,11,07,19,5,57,262
2021,11,07,19,6,9,438
2021,11,07,19,6,21,583
2021,11,07,19,6,34,380
2021,11,07,19,6,45,275
2021,11,07,19,6,57,423
2021,11,07,19,7,9,583
2021,11,07,19,7,21,755
2021,11,07,19,7,33,262
2021,11,07,19,7,45,423
2021,11,07,19,7,57,599
2021,11,07,19,8,9,743
2021,11,07,19,8,21,259
2021,11,07,19,8,33,435
2021,11,07,19,8,45,583
2021,11,07,19,8,57,743
2021,11,07,19,9,9,902
2021,11,07,19,9,21,419
2021,11,07,19,9,33,583
2021,11,07,19,9,45,743
2021,11,07,19,9,57,903
2021,11,07,19,10,9,422
2021,11,07,19,10,21,583
2021,11,07,19,10,33,743
2021,11,07,19,10,45,919
2021,11,07,19,10,58,61
2021,11,07,19,11,9,583
2021,11,07,19,11,21,759
2021,11,07,19,11,33,902
2021,11,07,19,11,46,59
2021,11,07,19,11,58,239
2021,11,07,19,12,9,743
2021,11,07,19,12,21,903
2021,11,07,19,12,34,75
2021,11,07,19,12,45,583
2021,11,07,19,12,57,743
2021,11,07,19,13,9,915
2021,11,07,19,13,22,62
2021,11,07,19,13,34,222
2021,11,07,19,13,45,755
2021,11,07,19,13,57,899
2021,11,07,19,14,10,63
2021,11,07,19,14,22,223
2021,11,07,19,14,33,742
2021,11,07,19,14,45,902
2021,11,07,19,14,58,59
2021,11,07,19,15,10,223
2021,11,07,19,15,21,743
2021,11,07,19,15,33,903
2021,11,07,19,15,46,62
2021,11,07,19,15,58,235
2021,11,07,19,16,10,386
2021,11,07,19,16,21,903
2021,11,07,19,16,34,79
2021,11,07,19,16,46,223
2021,11,07,19,16,58,380
2021,11,07,19,17,9,915
2021,11,07,19,17,22,61
2021,11,07,19,17,34,223
2021,11,07,19,17,46,399
2021,11,07,19,17,57,903
2021,11,07,19,18,10,61
2021,11,07,19,18,22,234
2021,11,07,19,18,34,379
2021,11,07,19,18,46,543
2021,11,07,19,18,58,79
2021,11,07,19,19,10,223
2021,11,07,19,19,22,380
2021,11,07,19,19,34,543
2021,11,07,19,19,46,63
2021,11,07,19,19,58,223
2021,11,07,19,20,10,383
2021,11,07,19,20,22,543
2021,11,07,19,20,34,61
2021,11,07,19,20,46,220
2021,11,07,19,20,58,380
2021,11,07,19,21,10,555
2021,11,07,19,21,22,700
2021,11,07,19,21,34,221
2021,11,07,19,21,46,395
2021,11,07,19,21,58,543
2021,11,07,19,22,10,703
2021,11,07,19,22,22,239
2021,11,07,19,22,34,380
2021,11,07,19,22,46,542
2021,11,07,19,22,58,715
2021,11,07,19,23,10,223
2021,11,07,19,23,22,383
2021,11,07,19,23,34,559
2021,11,07,19,23,46,703
2021,11,07,19,23,58,862
2021,11,07,19,24,10,399
2021,11,07,19,24,22,543
2021,11,07,19,24,34,699
2021,11,07,19,24,46,861
2021,11,07,19,24,58,380
2021,11,07,19,25,10,539
2021,11,07,19,25,22,699
2021,11,07,19,25,34,859
2021,11,07,19,25,46,379
2021,11,07,19,25,58,543
2021,11,07,19,26,10,700
2021,11,07,19,26,22,875
2021,11,07,19,26,35,22
2021,11,07,19,26,46,543
2021,11,07,19,26,58,719
2021,11,07,19,27,10,861
2021,11,07,19,27,23,19
2021,11,07,19,27,34,554
2021,11,07,19,27,46,699
2021,11,07,19,27,58,859
2021,11,07,19,28,11,35
2021,11,07,19,28,22,543
2021,11,07,19,28,34,703
2021,11,07,19,28,46,879
2021,11,07,19,28,59,23
2021,11,07,19,29,11,183
2021,11,07,19,29,22,715
2021,11,07,19,29,34,862
2021,11,07,19,29,47,23
2021,11,07,19,29,59,182
2021,11,07,19,30,10,702
2021,11,07,19,30,22,861
2021,11,07,19,30,35,19
2021,11,07,19,30,47,179
2021,11,07,19,30,59,355
2021,11,07,19,31,10,862
2021,11,07,19,31,23,23
2021,11,07,19,31,35,195
2021,11,07,19,31,47,342
2021,11,07,19,31,58,862
2021,11,07,19,32,11,39
2021,11,07,19,32,23,179
2021,11,07,19,32,35,343
2021,11,07,19,32,46,875
2021,11,07,19,32,59,23
2021,11,07,19,33,11,183
2021,11,07,19,33,23,359
2021,11,07,19,33,34,861
2021,11,07,19,33,47,23
2021,11,07,19,33,59,199
2021,11,07,19,34,11,339
2021,11,07,19,34,23,503
2021,11,07,19,34,35,38
2021,11,07,19,34,47,179
2021,11,07,19,34,59,339
2021,11,07,19,35,11,502
2021,11,07,19,35,23,23
2021,11,07,19,35,35,179
2021,11,07,19,35,47,343
2021,11,07,19,35,59,499
2021,11,07,19,36,11,23
2021,11,07,19,36,23,181
2021,11,07,19,36,35,339
2021,11,07,19,36,47,513
2021,11,07,19,36,59,661
2021,11,07,19,37,11,183
2021,11,07,19,37,23,359
2021,11,07,19,37,35,503
2021,11,07,19,37,47,662
2021,11,07,19,37,59,195
2021,11,07,19,38,11,343
2021,11,07,19,38,23,502
2021,11,07,19,38,35,679
2021,11,07,19,38,47,823
2021,11,07,19,38,59,343
2021,11,07,19,39,11,513
2021,11,07,19,39,23,662
2021,11,07,19,39,35,827
2021,11,07,19,39,47,355
2021,11,07,19,39,59,503
2021,11,07,19,40,11,658
2021,11,07,19,40,23,819
2021,11,07,19,40,35,343
2021,11,07,19,40,47,502
2021,11,07,19,40,59,662
2021,11,07,19,41,11,819
2021,11,07,19,41,23,999
2021,11,07,19,41,35,501
2021,11,07,19,41,47,661
2021,11,07,19,41,59,839
2021,11,07,19,42,11,982
2021,11,07,19,42,24,143
2021,11,07,19,42,35,675
2021,11,07,19,42,47,822
2021,11,07,19,42,59,983
2021,11,07,19,43,11,519
2021,11,07,19,43,23,661
2021,11,07,19,43,35,823
2021,11,07,19,43,47,995
2021,11,07,19,44,0,143
2021,11,07,19,44,11,661
2021,11,07,19,44,23,839
2021,11,07,19,44,35,983
2021,11,07,19,44,48,142
2021,11,07,19,44,59,679
2021,11,07,19,45,11,820
2021,11,07,19,45,23,983
2021,11,07,19,45,36,143
2021,11,07,19,45,47,662
2021,11,07,19,45,59,823
2021,11,07,19,46,11,979
2021,11,07,19,46,24,140
2021,11,07,19,46,36,315
2021,11,07,19,46,47,823
2021,11,07,19,46,59,983
2021,11,07,19,47,12,163
2021,11,07,19,47,24,303
2021,11,07,19,47,35,819
2021,11,07,19,47,47,995
2021,11,07,19,48,0,143
2021,11,07,19,48,12,299
2021,11,07,19,48,23,839
2021,11,07,19,48,35,983
2021,11,07,19,48,48,139
2021,11,07,19,49,0,315
2021,11,07,19,49,12,461
2021,11,07,19,49,23,979
2021,11,07,19,49,36,154
2021,11,07,19,49,48,303
2021,11,07,19,50,0,461
2021,11,07,19,50,11,995
2021,11,07,19,50,24,141
2021,11,07,19,50,36,300
2021,11,07,19,50,48,462
2021,11,07,19,50,59,983
2021,11,07,19,51,12,140
2021,11,07,19,51,24,299
2021,11,07,19,51,36,459
2021,11,07,19,51,48,635
2021,11,07,19,52,0,143
2021,11,07,19,52,13,583
2021,11,07,19,52,26,383
2021,11,07,19,52,39,183
2021,11,07,19,52,52,623
2021,11,07,19,53,5,436
2021,11,07,19,53,18,220
2021,11,07,19,53,31,675
2021,11,07,19,53,44,461
2021,11,07,19,53,57,279
2021,11,07,19,54,10,703
2021,11,07,19,54,23,503
2021,11,07,19,54,36,303
2021,11,07,19,54,49,742
2021,11,07,19,55,2,539
2021,11,07,19,55,15,342
2021,11,07,19,55,28,795
2021,11,07,19,55,41,579
2021,11,07,19,55,54,395
2021,11,07,19,56,7,823
2021,11,07,19,56,20,639
2021,11,07,19,56,33,423
2021,11,07,19,56,46,862
2021,11,07,19,56,59,662
2021,11,07,19,57,12,461
2021,11,07,19,57,25,903
2021,11,07,19,57,38,699
2021,11,07,19,57,51,503
2021,11,07,19,58,4,943
2021,11,07,19,58,17,755
2021,11,07,19,58,30,543
2021,11,07,19,58,43,999
2021,11,07,19,58,56,783
2021,11,07,19,59,9,598
2021,11,07,19,59,23,23
2021,11,07,19,59,35,823
2021,11,07,19,59,48,626
2021,11,07,20,0,2,63
2021,11,07,20,0,14,861
2021,11,07,20,0,27,661
2021,11,07,20,0,41,137
2021,11,07,20,0,53,911
2021,11,07,20,1,6,718
2021,11,07,20,1,20,143
2021,11,07,20,1,32,959
2021,11,07,20,1,45,743
2021,11,07,20,1,59,179
2021,11,07,20,2,11,983
2021,11,07,20,2,24,783
2021,11,07,20,2,38,220
2021,11,07,20,2,51,23
2021,11,07,20,3,3,823
2021,11,07,20,3,17,261
2021,11,07,20,3,30,73
2021,11,07,20,3,42,861
2021,11,07,20,3,56,334
2021,11,07,20,4,9,103
2021,11,07,20,4,21,919
2021,11,07,20,4,35,342
2021,11,07,20,4,48,143
2021,11,07,20,5,0,943
2021,11,07,20,5,14,382
2021,11,07,20,5,27,183
2021,11,07,20,5,39,982
2021,11,07,20,5,53,451
2021,11,07,20,6,6,220
2021,11,07,20,6,19,39
2021,11,07,20,6,32,462
2021,11,07,20,6,45,275
2021,11,07,20,6,58,61
2021,11,07,20,7,11,503
2021,11,07,20,7,24,302
2021,11,07,20,7,37,99
2021,11,07,20,7,49,900
2021,11,07,20,8,3,343
2021,11,07,20,8,16,143
2021,11,07,20,8,29,583
2021,11,07,20,8,42,399
2021,11,07,20,8,55,183
2021,11,07,20,9,8,647
2021,11,07,20,9,21,423
2021,11,07,20,9,34,237
2021,11,07,20,9,47,23
2021,11,07,20,10,0,462
2021,11,07,20,10,13,262
2021,11,07,20,10,26,703
2021,11,07,20,10,39,503
2021,11,07,20,10,52,299
2021,11,07,20,11,5,103
2021,11,07,20,11,18,546
2021,11,07,20,11,31,358
2021,11,07,20,11,44,156
2021,11,07,20,11,57,599
2021,11,07,20,12,10,383
2021,11,07,20,12,23,195
2021,11,07,20,12,36,623
2021,11,07,20,12,49,423
2021,11,07,20,13,2,223
2021,11,07,20,13,15,662
2021,11,07,20,13,28,461
2021,11,07,20,13,41,259
2021,11,07,20,13,54,715
2021,11,07,20,14,7,503
2021,11,07,20,14,20,319
2021,11,07,20,14,33,743
2021,11,07,20,14,46,559
2021,11,07,20,14,59,343
2021,11,07,20,15,12,783
2021,11,07,20,15,25,583
2021,11,07,20,15,38,380
2021,11,07,20,15,51,823
2021,11,07,20,16,4,622
2021,11,07,20,16,17,423
2021,11,07,20,16,30,861
2021,11,07,20,16,43,679
2021,11,07,20,16,56,462
2021,11,07,20,17,9,919
2021,11,07,20,17,22,703
2021,11,07,20,17,35,515
2021,11,07,20,17,48,943
2021,11,07,20,18,1,739
2021,11,07,20,18,14,540
2021,11,07,20,18,27,983
2021,11,07,20,18,40,782
2021,11,07,20,18,53,583
2021,11,07,20,19,7,35
2021,11,07,20,19,19,822
2021,11,07,20,19,32,639
2021,11,07,20,19,46,62
2021,11,07,20,19,58,876
2021,11,07,20,20,11,662
2021,11,07,20,20,25,103
2021,11,07,20,20,37,903
2021,11,07,20,20,50,703
2021,11,07,20,21,4,143
2021,11,07,20,21,16,940
2021,11,07,20,21,29,743
2021,11,07,20,21,43,183
2021,11,07,20,21,55,998
2021,11,07,20,22,8,783
2021,11,07,20,22,22,239
2021,11,07,20,22,35,23
2021,11,07,20,22,47,835
2021,11,07,20,23,1,261
2021,11,07,20,23,14,61
2021,11,07,20,23,26,863
2021,11,07,20,23,40,303
2021,11,07,20,23,53,102
2021,11,07,20,24,5,903
2021,11,07,20,24,19,355
2021,11,07,20,24,32,142
2021,11,07,20,24,44,955
2021,11,07,20,24,58,383
2021,11,07,20,25,11,194
2021,11,07,20,25,23,983
2021,11,07,20,25,37,423
2021,11,07,20,25,50,219
2021,11,07,20,26,3,23
2021,11,07,20,26,16,462
2021,11,07,20,26,29,262
2021,11,07,20,26,42,62
2021,11,07,20,26,55,503
2021,11,07,20,27,8,315
2021,11,07,20,27,21,103
2021,11,07,20,27,34,559
2021,11,07,20,27,47,343
2021,11,07,20,28,0,159
2021,11,07,20,28,13,583
2021,11,07,20,28,26,383
2021,11,07,20,28,39,183
2021,11,07,20,28,52,622
2021,11,07,20,29,5,419
2021,11,07,20,29,18,222
2021,11,07,20,29,31,679
2021,11,07,20,29,44,462
2021,11,07,20,29,57,275
2021,11,07,20,30,10,706
2021,11,07,20,30,24,143
2021,11,07,20,30,36,943
2021,11,07,20,30,49,743
2021,11,07,20,31,2,543
2021,11,07,20,31,15,343
2021,11,07,20,31,28,782
2021,11,07,20,31,41,583
2021,11,07,20,31,54,383
2021,11,07,20,32,7,823
2021,11,07,20,32,20,639
2021,11,07,20,32,33,423
2021,11,07,20,32,46,875
2021,11,07,20,32,59,662
2021,11,07,20,33,12,475
2021,11,07,20,33,25,903
2021,11,07,20,33,38,700
2021,11,07,20,33,51,503
2021,11,07,20,34,4,943
2021,11,07,20,34,17,743
2021,11,07,20,34,30,539
2021,11,07,20,34,43,999
2021,11,07,20,34,56,783
2021,11,07,20,35,9,595
2021,11,07,20,35,23,23
2021,11,07,20,35,35,839
2021,11,07,20,35,48,623
2021,11,07,20,36,2,61
2021,11,07,20,36,14,862
2021,11,07,20,36,27,663
2021,11,07,20,36,41,103
2021,11,07,20,36,53,907
2021,11,07,20,37,6,715
2021,11,07,20,37,20,143
2021,11,07,20,37,32,957
2021,11,07,20,37,45,743
2021,11,07,20,37,59,199
2021,11,07,20,38,11,983
2021,11,07,20,38,24,795
2021,11,07,20,38,38,221
2021,11,07,20,38,51,25
2021,11,07,20,39,3,819
2021,11,07,20,39,17,262
2021,11,07,20,39,30,62
2021,11,07,20,39,42,861
2021,11,07,20,39,56,315
2021,11,07,20,40,9,103
2021,11,07,20,40,21,919
2021,11,07,20,40,35,343
2021,11,07,20,40,48,159
2021,11,07,20,41,0,942
2021,11,07,20,41,14,380
2021,11,07,20,41,27,179
2021,11,07,20,41,39,983
2021,11,07,20,41,53,421
2021,11,07,20,42,6,860
2021,11,07,20,42,20,943
2021,11,07,20,42,35,39
2021,11,07,20,42,49,103
2021,11,07,20,43,3,179
2021,11,07,20,43,17,261
2021,11,07,20,43,31,359
2021,11,07,20,43,45,423
2021,11,07,20,43,59,503
2021,11,07,20,44,12,955
2021,11,07,20,44,27,23
2021,11,07,20,44,41,103
2021,11,07,20,44,55,182
2021,11,07,20,45,9,278
2021,11,07,20,45,23,342
2021,11,07,20,45,37,423
2021,11,07,20,45,51,502
2021,11,07,20,46,5,595
2021,11,07,20,46,19,661
2021,11,07,20,46,33,99
2021,11,07,20,46,47,179
2021,11,07,20,47,1,278
2021,11,07,20,47,15,343
2021,11,07,20,47,29,419
2021,11,07,20,47,43,503
2021,11,07,20,47,57,594
2021,11,07,20,48,11,662
2021,11,07,20,48,25,741
2021,11,07,20,48,39,195
2021,11,07,20,48,53,264
2021,11,07,20,49,7,342
2021,11,07,20,49,21,423
2021,11,07,20,49,35,519
2021,11,07,20,49,49,583
2021,11,07,20,50,3,662
2021,11,07,20,50,17,747
2021,11,07,20,50,31,843
2021,11,07,20,50,45,261
2021,11,07,20,50,59,340
2021,11,07,20,51,13,423
2021,11,07,20,51,27,519
2021,11,07,20,51,41,583
2021,11,07,20,51,55,661
2021,11,07,20,52,9,743
2021,11,07,20,52,23,839
2021,11,07,20,52,37,903
2021,11,07,20,52,51,983
2021,11,07,20,53,5,439
2021,11,07,20,53,19,502
2021,11,07,20,53,33,583
2021,11,07,20,53,47,660
2021,11,07,20,54,1,759
2021,11,07,20,54,15,823
2021,11,07,20,54,29,902
2021,11,07,20,54,43,983
2021,11,07,20,54,58,79
2021,11,07,20,55,11,503
2021,11,07,20,55,25,583
2021,11,07,20,55,39,661
2021,11,07,20,55,53,759
2021,11,07,20,56,7,823
2021,11,07,20,56,21,903
2021,11,07,20,56,35,979
2021,11,07,20,56,50,75
2021,11,07,20,57,4,143
2021,11,07,20,57,18,223
2021,11,07,20,57,31,675
2021,11,07,20,57,45,742
2021,11,07,20,57,59,823
2021,11,07,20,58,13,903
2021,11,07,20,58,27,995
2021,11,07,20,58,42,61
2021,11,07,20,58,56,143
2021,11,07,20,59,10,221
2021,11,07,20,59,24,319
2021,11,07,20,59,38,380
2021,11,07,20,59,51,820
2021,11,07,21,0,5,903
2021,11,07,21,0,19,999
2021,11,07,21,0,34,62
2021,11,07,21,0,48,143
2021,11,07,21,1,2,223
2021,11,07,21,1,16,318
2021,11,07,21,1,30,383
2021,11,07,21,1,44,463
2021,11,07,21,1,57,915
2021,11,07,21,2,11,983
2021,11,07,21,2,26,62
2021,11,07,21,2,40,143
2021,11,07,21,2,54,235
2021,11,07,21,3,8,303
2021,11,07,21,3,22,380
2021,11,07,21,3,36,466
2021,11,07,21,3,50,559
2021,11,07,21,4,3,987
2021,11,07,21,4,18,62
2021,11,07,21,4,32,143
2021,11,07,21,4,46,234
2021,11,07,21,5,0,303
2021,11,07,21,5,14,380
2021,11,07,21,5,28,461
2021,11,07,21,5,42,559
2021,11,07,21,5,56,623
2021,11,07,21,6,10,699
2021,11,07,21,6,24,156
2021,11,07,21,6,38,220
2021,11,07,21,6,52,302
2021,11,07,21,7,6,380
2021,11,07,21,7,20,479
2021,11,07,21,7,34,538
2021,11,07,21,7,48,623
2021,11,07,21,8,2,703
2021,11,07,21,8,16,793
2021,11,07,21,8,30,231
2021,11,07,21,8,44,303
2021,11,07,21,8,58,383
2021,11,07,21,9,12,479
2021,11,07,21,9,26,543
2021,11,07,21,9,40,620
2021,11,07,21,9,54,703
2021,11,07,21,10,8,799
2021,11,07,21,10,22,861
2021,11,07,21,10,36,303
2021,11,07,21,10,50,399
2021,11,07,21,11,4,462
2021,11,07,21,11,18,543
2021,11,07,21,11,32,623
2021,11,07,21,11,46,719
2021,11,07,21,12,0,783
2021,11,07,21,12,14,866
2021,11,07,21,12,28,941
2021,11,07,21,12,43,38
2021,11,07,21,12,56,462
2021,11,07,21,13,10,543
2021,11,07,21,13,24,620
2021,11,07,21,13,38,715
2021,11,07,21,13,52,783
2021,11,07,21,14,6,861
2021,11,07,21,14,20,943
2021,11,07,21,14,35,35
2021,11,07,21,14,49,103
2021,11,07,21,15,3,180
2021,11,07,21,15,16,647
2021,11,07,21,15,30,703
2021,11,07,21,15,44,783
2021,11,07,21,15,58,861
2021,11,07,21,16,12,957
2021,11,07,21,16,27,23
2021,11,07,21,16,41,101
2021,11,07,21,16,55,183
2021,11,07,21,17,9,275
2021,11,07,21,17,22,703
2021,11,07,21,17,36,783
2021,11,07,21,17,50,862
2021,11,07,21,18,4,959
2021,11,07,21,18,19,23
2021,11,07,21,18,33,103
2021,11,07,21,18,47,179
2021,11,07,21,19,1,278
2021,11,07,21,19,15,343
2021,11,07,21,19,29,420
2021,11,07,21,19,42,879
2021,11,07,21,19,56,943
2021,11,07,21,20,11,23
2021,11,07,21,20,25,103
2021,11,07,21,20,39,195
2021,11,07,21,20,53,262
2021,11,07,21,21,7,343
2021,11,07,21,21,21,420
2021,11,07,21,21,35,519
2021,11,07,21,21,49,583
2021,11,07,21,22,3,22
2021,11,07,21,22,17,102
2021,11,07,21,22,31,199
2021,11,07,21,22,45,261
2021,11,07,21,22,59,341
2021,11,07,21,23,13,423
2021,11,07,21,23,27,519
2021,11,07,21,23,41,583
2021,11,07,21,23,55,661
2021,11,07,21,24,9,127
2021,11,07,21,24,23,191
2021,11,07,21,24,37,263
2021,11,07,21,24,51,343
2021,11,07,21,25,5,438
2021,11,07,21,25,19,506
2021,11,07,21,25,33,581
2021,11,07,21,25,47,662
2021,11,07,21,26,1,755
2021,11,07,21,26,15,820
2021,11,07,21,26,29,262
2021,11,07,21,26,43,343
2021,11,07,21,26,57,439
2021,11,07,21,27,11,503
2021,11,07,21,27,25,581
2021,11,07,21,27,39,663
2021,11,07,21,27,53,755
2021,11,07,21,28,7,822
2021,11,07,21,28,21,903
2021,11,07,21,28,35,356
2021,11,07,21,28,49,423
2021,11,07,21,29,3,503
2021,11,07,21,29,17,583
2021,11,07,21,29,31,679
2021,11,07,21,29,45,743
2021,11,07,21,29,59,823
2021,11,07,21,30,13,904
2021,11,07,21,30,27,995
2021,11,07,21,30,42,65
2021,11,07,21,30,55,503
2021,11,07,21,31,9,602
2021,11,07,21,31,23,675
2021,11,07,21,31,37,741
2021,11,07,21,31,51,823
2021,11,07,21,32,6,543
2021,11,07,21,32,21,903
2021,11,07,21,32,36,621
2021,11,07,21,32,51,983
2021,11,07,21,33,6,719
2021,11,07,21,33,22,74
2021,11,07,21,33,36,796
2021,11,07,21,33,52,155
2021,11,07,21,34,6,861
2021,11,07,21,34,22,223
2021,11,07,21,34,36,941
2021,11,07,21,34,51,662
2021,11,07,21,35,7,22
2021,11,07,21,35,21,740
2021,11,07,21,35,37,107
2021,11,07,21,35,51,823
2021,11,07,21,36,7,187
2021,11,07,21,36,21,915
2021,11,07,21,36,37,262
2021,11,07,21,36,51,995
2021,11,07,21,37,7,359
2021,11,07,21,37,22,75
2021,11,07,21,37,36,783
2021,11,07,21,37,52,143
2021,11,07,21,38,6,861
2021,11,07,21,38,22,223
2021,11,07,21,38,36,942
2021,11,07,21,38,52,303
2021,11,07,21,39,7,23
2021,11,07,21,39,22,380
2021,11,07,21,39,37,111
2021,11,07,21,39,52,461
2021,11,07,21,40,7,183
2021,11,07,21,40,21,918
2021,11,07,21,40,37,279
2021,11,07,21,40,51,999
2021,11,07,21,41,7,357
2021,11,07,21,41,22,60
2021,11,07,21,41,37,423
2021,11,07,21,41,52,143
2021,11,07,21,42,7,503
2021,11,07,21,42,22,219
2021,11,07,21,42,37,583
2021,11,07,21,42,52,311
2021,11,07,21,43,7,663
2021,11,07,21,43,22,380
2021,11,07,21,43,37,103
2021,11,07,21,43,52,461
2021,11,07,21,44,7,199
2021,11,07,21,44,22,555
2021,11,07,21,44,37,278
2021,11,07,21,44,52,639
2021,11,07,21,45,7,347
2021,11,07,21,45,22,703
2021,11,07,21,45,37,421
2021,11,07,21,45,52,782
2021,11,07,21,46,7,503
2021,11,07,21,46,22,221
2021,11,07,21,46,37,583
2021,11,07,21,46,52,302
2021,11,07,21,47,7,666
2021,11,07,21,47,22,380
2021,11,07,21,47,37,744
2021,11,07,21,47,52,479
2021,11,07,21,48,7,839
2021,11,07,21,48,22,555
2021,11,07,21,48,37,930
2021,11,07,21,48,52,623
2021,11,07,21,49,7,343
2021,11,07,21,49,22,703
2021,11,07,21,49,37,423
2021,11,07,21,49,52,783
2021,11,07,21,50,7,503
2021,11,07,21,50,22,859
2021,11,07,21,50,37,583
2021,11,07,21,50,52,943
2021,11,07,21,51,7,662
2021,11,07,21,51,23,23
2021,11,07,21,51,37,759
2021,11,07,21,51,53,115
2021,11,07,21,52,7,839
2021,11,07,21,52,22,543
2021,11,07,21,52,37,903
2021,11,07,21,52,52,623
2021,11,07,21,53,7,980
2021,11,07,21,53,22,703
2021,11,07,21,53,38,62
2021,11,07,21,53,52,780
2021,11,07,21,54,8,145
2021,11,07,21,54,22,861
2021,11,07,21,54,38,224
2021,11,07,21,54,52,946
2021,11,07,21,55,8,303
2021,11,07,21,55,23,38
2021,11,07,21,55,37,759
2021,11,07,21,55,53,119
2021,11,07,21,56,7,823
2021,11,07,21,56,23,183
2021,11,07,21,56,37,905
2021,11,07,21,56,53,261
2021,11,07,21,57,7,983
2021,11,07,21,57,23,343
2021,11,07,21,57,38,61
2021,11,07,21,57,53,423
2021,11,07,21,58,8,143
2021,11,07,21,58,22,861
2021,11,07,21,58,38,222
2021,11,07,21,58,52,959
2021,11,07,21,59,8,318
2021,11,07,21,59,23,35
2021,11,07,21,59,38,398
2021,11,07,21,59,53,103
2021,11,07,22,0,8,463
2021,11,07,22,0,23,180
2021,11,07,22,0,38,543
2021,11,07,22,0,53,261
2021,11,07,22,1,7,983
2021,11,07,22,1,23,342
2021,11,07,22,1,38,63
2021,11,07,22,1,53,423
2021,11,07,22,2,8,143
2021,11,07,22,2,23,502
2021,11,07,22,2,38,240
2021,11,07,22,2,53,595
2021,11,07,22,3,8,316
2021,11,07,22,3,23,675
2021,11,07,22,3,38,383
2021,11,07,22,3,53,743
2021,11,07,22,4,8,467
2021,11,07,22,4,23,823
2021,11,07,22,4,38,543
2021,11,07,22,4,53,262
2021,11,07,22,5,8,623
2021,11,07,22,5,23,343
2021,11,07,22,5,38,702
2021,11,07,22,5,53,423
2021,11,07,22,6,8,783
2021,11,07,22,6,23,515
2021,11,07,22,6,38,877
2021,11,07,22,6,54,235
2021,11,07,22,7,8,959
2021,11,07,22,7,23,663
2021,11,07,22,7,39,23
2021,11,07,22,7,53,741
2021,11,07,22,8,8,462
2021,11,07,22,8,23,827
2021,11,07,22,8,38,540
2021,11,07,22,8,53,903
2021,11,07,22,9,8,623
2021,11,07,22,9,23,979
2021,11,07,22,9,38,703
2021,11,07,22,9,54,62
2021,11,07,22,10,8,796
2021,11,07,22,10,24,154
2021,11,07,22,10,38,874
2021,11,07,22,10,54,237
2021,11,07,22,11,8,943
2021,11,07,22,11,23,662
2021,11,07,22,11,39,23
2021,11,07,22,11,53,743
2021,11,07,22,12,9,107
2021,11,07,22,12,23,820
2021,11,07,22,12,39,183
2021,11,07,22,12,53,901
2021,11,07,22,13,9,262
2021,11,07,22,13,23,983
2021,11,07,22,13,39,347
2021,11,07,22,13,54,79
2021,11,07,22,14,9,439
2021,11,07,22,14,24,159
2021,11,07,22,14,38,861
2021,11,07,22,14,54,223
2021,11,07,22,15,8,943
2021,11,07,22,15,24,303
2021,11,07,22,15,39,28
2021,11,07,22,15,54,382
2021,11,07,22,16,9,103
2021,11,07,22,16,24,463
2021,11,07,22,16,39,183
2021,11,07,22,16,54,542
2021,11,07,22,17,9,262
2021,11,07,22,17,24,623
2021,11,07,22,17,39,359
2021,11,07,22,17,54,75
2021,11,07,22,18,9,438
2021,11,07,22,18,24,143
2021,11,07,22,18,39,503
2021,11,07,22,18,54,221
2021,11,07,22,19,9,587
2021,11,07,22,19,24,303
2021,11,07,22,19,39,661
2021,11,07,22,19,54,383
2021,11,07,22,20,9,740
2021,11,07,22,20,24,461
2021,11,07,22,20,39,823
2021,11,07,22,20,54,543
2021,11,07,22,21,9,279
2021,11,07,22,21,24,635
2021,11,07,22,21,39,353
2021,11,07,22,21,54,714
2021,11,07,22,22,10,718
2021,11,07,22,22,26,703
2021,11,07,22,22,42,713
2021,11,07,22,22,58,702
2021,11,07,22,23,14,703
2021,11,07,22,23,30,707
2021,11,07,22,23,46,703
2021,11,07,22,24,2,719
2021,11,07,22,24,18,715
2021,11,07,22,24,34,699
2021,11,07,22,24,50,699
2021,11,07,22,25,6,703
2021,11,07,22,25,22,700
2021,11,07,22,25,38,703
2021,11,07,22,25,54,699
2021,11,07,22,26,10,719
2021,11,07,22,26,26,715
2021,11,07,22,26,42,702
2021,11,07,22,26,58,703
2021,11,07,22,27,14,707
2021,11,07,22,27,30,703
2021,11,07,22,27,46,703
2021,11,07,22,28,2,703
2021,11,07,22,28,18,715
2021,11,07,22,28,34,719
2021,11,07,22,28,50,705
2021,11,07,22,29,6,703
2021,11,07,22,29,22,699
2021,11,07,22,29,38,700
2021,11,07,22,29,54,703
2021,11,07,22,30,10,703
2021,11,07,22,30,26,715
2021,11,07,22,30,43,343
2021,11,07,22,30,58,703
2021,11,07,22,31,15,343
2021,11,07,22,31,31,338
2021,11,07,22,31,47,343
2021,11,07,22,32,3,343
2021,11,07,22,32,19,355
2021,11,07,22,32,35,355
2021,11,07,22,32,51,343
2021,11,07,22,33,7,342
2021,11,07,22,33,23,359
2021,11,07,22,33,39,343
2021,11,07,22,33,55,343
2021,11,07,22,34,11,342
2021,11,07,22,34,27,359
2021,11,07,22,34,43,359
2021,11,07,22,34,59,343
2021,11,07,22,35,15,343
2021,11,07,22,35,31,343
2021,11,07,22,35,47,343
2021,11,07,22,36,3,343
2021,11,07,22,36,19,343
2021,11,07,22,36,35,358
2021,11,07,22,36,51,355
2021,11,07,22,37,7,343
2021,11,07,22,37,23,343
2021,11,07,22,37,39,343
2021,11,07,22,37,55,343
2021,11,07,22,38,11,343
2021,11,07,22,38,27,343
2021,11,07,22,38,43,359
2021,11,07,22,38,59,359
2021,11,07,22,39,15,347
2021,11,07,22,39,31,343
2021,11,07,22,39,47,343
2021,11,07,22,40,3,343
2021,11,07,22,40,19,343
2021,11,07,22,40,35,343
2021,11,07,22,40,51,355
2021,11,07,22,41,7,359
2021,11,07,22,41,23,343
2021,11,07,22,41,39,343
2021,11,07,22,41,55,343
2021,11,07,22,42,11,343
2021,11,07,22,42,27,343
2021,11,07,22,42,43,343
2021,11,07,22,42,59,359
2021,11,07,22,43,15,983
2021,11,07,22,43,31,983
2021,11,07,22,43,47,343
2021,11,07,22,44,4,3
2021,11,07,22,44,19,982
2021,11,07,22,44,35,987
2021,11,07,22,44,51,996
2021,11,07,22,45,7,995
2021,11,07,22,45,23,983
2021,11,07,22,45,39,983
2021,11,07,22,45,55,983
2021,11,07,22,46,11,983
2021,11,07,22,46,27,983
2021,11,07,22,46,43,981
2021,11,07,22,46,59,995
2021,11,07,22,47,15,999
2021,11,07,22,47,31,983
2021,11,07,22,47,47,983
2021,11,07,22,48,3,982
2021,11,07,22,48,19,983
2021,11,07,22,48,35,983
2021,11,07,22,48,51,983
2021,11,07,22,49,7,999
2021,11,07,22,49,23,999
2021,11,07,22,49,39,981
2021,11,07,22,49,55,987
2021,11,07,22,50,11,981
2021,11,07,22,50,27,982
2021,11,07,22,50,43,980
2021,11,07,22,50,59,982
2021,11,07,22,51,16,3
2021,11,07,22,51,31,995
2021,11,07,22,51,47,983
2021,11,07,22,52,3,983
2021,11,07,22,52,19,983
2021,11,07,22,52,35,983
2021,11,07,22,52,51,983
2021,11,07,22,53,7,979
2021,11,07,22,53,23,999
2021,11,07,22,53,39,997
2021,11,07,22,53,55,983
2021,11,07,22,54,11,983
2021,11,07,22,54,27,983
2021,11,07,22,54,43,980
2021,11,07,22,54,59,983
2021,11,07,22,55,15,983
2021,11,07,22,55,31,999
2021,11,07,22,55,47,999
2021,11,07,22,56,3,983
2021,11,07,22,56,20,623
2021,11,07,22,56,36,623
2021,11,07,22,56,52,623
2021,11,07,22,57,8,623
2021,11,07,22,57,24,637
2021,11,07,22,57,40,635
2021,11,07,22,57,56,623
2021,11,07,22,58,12,623
2021,11,07,22,58,28,623
2021,11,07,22,58,44,619
2021,11,07,22,59,0,623
2021,11,07,22,59,16,619
2021,11,07,22,59,32,635
2021,11,07,22,59,48,638
2021,11,07,23,0,4,623
2021,11,07,23,0,20,623
2021,11,07,23,0,36,622
2021,11,07,23,0,52,623
2021,11,07,23,1,8,623
2021,11,07,23,1,24,619
2021,11,07,23,1,40,639
2021,11,07,23,1,56,637
2021,11,07,23,2,12,622
2021,11,07,23,2,28,623
2021,11,07,23,2,44,623
2021,11,07,23,3,0,623
2021,11,07,23,3,16,623
2021,11,07,23,3,32,623
2021,11,07,23,3,48,638
2021,11,07,23,4,4,638
2021,11,07,23,4,20,622
2021,11,07,23,4,36,621
2021,11,07,23,4,52,623
2021,11,07,23,5,8,623
2021,11,07,23,5,24,623
2021,11,07,23,5,40,623
2021,11,07,23,5,56,635
2021,11,07,23,6,12,638
2021,11,07,23,6,28,621
2021,11,07,23,6,44,623
2021,11,07,23,7,0,623
2021,11,07,23,7,16,623
2021,11,07,23,7,32,623
2021,11,07,23,7,48,623
2021,11,07,23,8,4,639
2021,11,07,23,8,21,261
2021,11,07,23,8,37,261
2021,11,07,23,8,53,262
2021,11,07,23,9,9,262
2021,11,07,23,9,25,262
2021,11,07,23,9,41,262
2021,11,07,23,9,57,279
2021,11,07,23,10,13,275
2021,11,07,23,10,29,261
2021,11,07,23,10,45,261
2021,11,07,23,11,1,262
2021,11,07,23,11,17,262
2021,11,07,23,11,33,262
2021,11,07,23,11,49,261
2021,11,07,23,12,5,915
2021,11,07,23,12,23,183
2021,11,07,23,12,40,470
2021,11,07,23,12,57,117
2021,11,07,23,13,14,382
2021,11,07,23,13,31,23
2021,11,07,23,13,48,319
2021,11,07,23,14,4,943
2021,11,07,23,14,22,219
2021,11,07,23,14,39,515
2021,11,07,23,14,56,142
2021,11,07,23,15,13,426
2021,11,07,23,15,30,79
2021,11,07,23,15,47,343
2021,11,07,23,16,4,623
2021,11,07,23,16,21,275
2021,11,07,23,16,38,543
2021,11,07,23,16,55,183
2021,11,07,23,17,12,475
2021,11,07,23,17,29,743
2021,11,07,23,17,46,381
2021,11,07,23,18,3,675
2021,11,07,23,18,20,303
2021,11,07,23,18,37,583
2021,11,07,23,18,54,223
2021,11,07,23,19,11,502
2021,11,07,23,19,28,783
2021,11,07,23,19,45,423
2021,11,07,23,20,2,699
2021,11,07,23,20,19,343
2021,11,07,23,20,36,631
2021,11,07,23,20,53,903
2021,11,07,23,21,10,543
2021,11,07,23,21,27,823
2021,11,07,23,21,44,475
2021,11,07,23,22,1,742
2021,11,07,23,22,18,380
2021,11,07,23,22,35,675
2021,11,07,23,22,52,943
2021,11,07,23,23,9,583
2021,11,07,23,23,26,875
2021,11,07,23,23,43,503
2021,11,07,23,24,0,783
2021,11,07,23,24,18,75
2021,11,07,23,24,34,699
2021,11,07,23,24,51,981
2021,11,07,23,25,8,639
2021,11,07,23,25,25,903
2021,11,07,23,25,42,543
2021,11,07,23,25,59,835
2021,11,07,23,26,17,102
2021,11,07,23,26,33,742
2021,11,07,23,26,51,39
2021,11,07,23,27,7,661
2021,11,07,23,27,24,943
2021,11,07,23,27,42,235
2021,11,07,23,27,58,861
2021,11,07,23,28,16,142
2021,11,07,23,28,32,790
2021,11,07,23,28,50,61
2021,11,07,23,29,6,719
2021,11,07,23,29,23,982
2021,11,07,23,29,41,262
2021,11,07,23,29,57,902
2021,11,07,23,30,15,183
2021,11,07,23,30,31,835
2021,11,07,23,30,49,103
2021,11,07,23,31,6,382
2021,11,07,23,31,23,35
2021,11,07,23,31,40,303
2021,11,07,23,31,56,943
2021,11,07,23,32,14,236
2021,11,07,23,32,30,861
2021,11,07,23,32,48,143
2021,11,07,23,33,5,438
2021,11,07,23,33,22,61
2021,11,07,23,33,39,342
2021,11,07,23,33,56,6
2021,11,07,23,34,13,262
2021,11,07,23,34,30,543
2021,11,07,23,34,47,198
2021,11,07,23,35,4,462
2021,11,07,23,35,21,103
2021,11,07,23,35,38,399
2021,11,07,23,35,55,23
2021,11,07,23,36,12,303
2021,11,07,23,36,29,599
2021,11,07,23,36,46,221
2021,11,07,23,37,3,500
2021,11,07,23,37,20,143
2021,11,07,23,37,37,422
2021,11,07,23,37,54,699
2021,11,07,23,38,11,343
2021,11,07,23,38,28,623
2021,11,07,23,38,45,261
2021,11,07,23,39,2,543
2021,11,07,23,39,19,195
2021,11,07,23,39,36,460
2021,11,07,23,39,53,740
2021,11,07,23,40,10,399
2021,11,07,23,40,27,662
2021,11,07,23,40,44,302
2021,11,07,23,41,1,595
2021,11,07,23,41,18,222
2021,11,07,23,41,35,503
2021,11,07,23,41,52,795
2021,11,07,23,42,9,423
2021,11,07,23,42,26,706
2021,11,07,23,42,43,359
2021,11,07,23,43,0,623
2021,11,07,23,43,17,903
2021,11,07,23,43,34,555
2021,11,07,23,43,51,835
2021,11,07,23,44,8,466
2021,11,07,23,44,25,759
2021,11,07,23,44,42,383
2021,11,07,23,44,59,675
2021,11,07,23,45,16,955
2021,11,07,23,45,33,583
2021,11,07,23,45,50,862
2021,11,07,23,46,7,503
2021,11,07,23,46,24,783
2021,11,07,23,46,42,61
2021,11,07,23,46,58,699
2021,11,07,23,47,15,983
2021,11,07,23,47,32,623
2021,11,07,23,47,49,903
2021,11,07,23,48,6,555
2021,11,07,23,48,23,823
2021,11,07,23,48,41,103
2021,11,07,23,48,57,755
2021,11,07,23,49,15,18
2021,11,07,23,49,31,661
2021,11,07,23,49,48,967
2021,11,07,23,50,6,223
2021,11,07,23,50,22,862
2021,11,07,23,50,40,158
2021,11,07,23,50,56,781
2021,11,07,23,51,14,62
2021,11,07,23,51,30,719
2021,11,07,23,51,47,983
2021,11,07,23,52,5,259
2021,11,07,23,52,21,915
2021,11,07,23,52,39,179
2021,11,07,23,52,55,823
2021,11,07,23,53,13,116
2021,11,07,23,53,30,382
2021,11,07,23,53,47,23
2021,11,07,23,54,4,319
2021,11,07,23,54,20,943
2021,11,07,23,54,38,218
2021,11,07,23,54,55,515
2021,11,07,23,55,12,147
2021,11,07,23,55,29,423
2021,11,07,23,55,46,62
2021,11,07,23,56,3,345
2021,11,07,23,56,19,983
2021,11,07,23,56,37,261
2021,11,07,23,56,54,543
2021,11,07,23,57,11,180
2021,11,07,23,57,28,461
2021,11,07,23,57,45,119
2021,11,07,23,58,2,380
2021,11,07,23,58,19,661
2021,11,07,23,58,36,315
2021,11,07,23,58,53,583
2021,11,07,23,59,10,222
2021,11,07,23,59,27,518
2021,11,07,23,59,44,143
2021,11,08,0,0,1,423
2021,11,08,0,0,18,718
2021,11,08,0,0,35,338
2021,11,08,0,0,52,634
2021,11,08,0,1,9,279
2021,11,08,0,1,26,543
2021,11,08,0,1,43,183
2021,11,08,0,2,1,742
2021,11,08,0,2,19,661
2021,11,08,0,2,37,583
2021,11,08,0,2,55,499
2021,11,08,0,3,13,422
2021,11,08,0,3,31,342
2021,11,08,0,3,49,903
2021,11,08,0,4,7,827
2021,11,08,0,4,25,743
2021,11,08,0,4,43,661
2021,11,08,0,5,1,583
2021,11,08,0,5,19,501
2021,11,08,0,5,37,423
2021,11,08,0,5,55,995
2021,11,08,0,6,13,903
2021,11,08,0,6,31,839
2021,11,08,0,6,49,743
2021,11,08,0,7,7,679
2021,11,08,0,7,25,583
2021,11,08,0,7,43,518
2021,11,08,0,8,2,63
2021,11,08,0,8,19,999
2021,11,08,0,8,37,903
2021,11,08,0,8,56,461
2021,11,08,0,9,13,743
2021,11,08,0,9,31,675
2021,11,08,0,9,49,583
2021,11,08,0,10,8,143
2021,11,08,0,10,26,59
2021,11,08,0,10,43,983
2021,11,08,0,11,1,903
2021,11,08,0,11,19,823
2021,11,08,0,11,37,743
2021,11,08,0,11,55,661
2021,11,08,0,12,14,226
2021,11,08,0,12,32,143
2021,11,08,0,12,50,61
2021,11,08,0,13,7,983
2021,11,08,0,13,25,900
2021,11,08,0,13,43,823
2021,11,08,0,14,2,399
2021,11,08,0,14,20,300
2021,11,08,0,14,38,238
2021,11,08,0,14,56,140
2021,11,08,0,15,14,75
2021,11,08,0,15,31,982
2021,11,08,0,15,49,915
2021,11,08,0,16,7,823
2021,11,08,0,16,26,395
2021,11,08,0,16,44,303
2021,11,08,0,17,2,239
2021,11,08,0,17,20,140
2021,11,08,0,17,38,78
2021,11,08,0,17,55,983
2021,11,08,0,18,14,543
2021,11,08,0,18,32,461
2021,11,08,0,18,50,382
2021,11,08,0,19,8,303
2021,11,08,0,19,26,219
2021,11,08,0,19,44,139
2021,11,08,0,20,2,62
2021,11,08,0,20,20,623
2021,11,08,0,20,38,543
2021,11,08,0,20,56,462
2021,11,08,0,21,14,380
2021,11,08,0,21,32,300
2021,11,08,0,21,50,219
2021,11,08,0,22,8,151
2021,11,08,0,22,26,699
2021,11,08,0,22,44,636
2021,11,08,0,23,2,543
2021,11,08,0,23,20,478
2021,11,08,0,23,38,380
2021,11,08,0,23,56,318
2021,11,08,0,24,14,222
2021,11,08,0,24,32,796
2021,11,08,0,24,50,703
2021,11,08,0,25,8,641
2021,11,08,0,25,26,543
2021,11,08,0,25,44,475
2021,11,08,0,26,2,382
2021,11,08,0,26,20,315
2021,11,08,0,26,38,861
2021,11,08,0,26,56,781
2021,11,08,0,27,14,703
2021,11,08,0,27,32,623
2021,11,08,0,27,50,539
2021,11,08,0,28,8,461
2021,11,08,0,28,27,22
2021,11,08,0,28,44,943
2021,11,08,0,29,2,862
2021,11,08,0,29,20,783
2021,11,08,0,29,38,702
2021,11,08,0,29,56,623
2021,11,08,0,30,14,543
2021,11,08,0,30,33,106
2021,11,08,0,30,51,39
2021,11,08,0,31,8,943
2021,11,08,0,31,26,878
2021,11,08,0,31,44,782
2021,11,08,0,32,2,719
2021,11,08,0,32,20,623
2021,11,08,0,32,39,197
2021,11,08,0,32,57,103
2021,11,08,0,33,15,38
2021,11,08,0,33,32,943
2021,11,08,0,33,50,875
2021,11,08,0,34,8,782
2021,11,08,0,34,26,715
2021,11,08,0,34,45,262
2021,11,08,0,35,3,179
2021,11,08,0,35,21,101
2021,11,08,0,35,39,22
2021,11,08,0,35,56,943
2021,11,08,0,36,14,860
2021,11,08,0,36,32,791
2021,11,08,0,36,51,343
2021,11,08,0,37,9,262
2021,11,08,0,37,27,179
2021,11,08,0,37,45,103
2021,11,08,0,38,3,22
2021,11,08,0,38,20,942
2021,11,08,0,38,38,862
2021,11,08,0,38,57,439
2021,11,08,0,39,15,342
2021,11,08,0,39,33,278
2021,11,08,0,39,51,179
2021,11,08,0,40,9,118
2021,11,08,0,40,27,27
2021,11,08,0,40,44,958
2021,11,08,0,41,3,503
2021,11,08,0,41,21,435
2021,11,08,0,41,39,343
2021,11,08,0,41,57,278
2021,11,08,0,42,15,179
2021,11,08,0,42,33,118
2021,11,08,0,42,51,662
2021,11,08,0,43,9,579
2021,11,08,0,43,27,503
2021,11,08,0,43,45,423
2021,11,08,0,44,3,343
2021,11,08,0,44,21,267
2021,11,08,0,44,39,180
2021,11,08,0,44,57,743
2021,11,08,0,45,15,660
2021,11,08,0,45,33,582
2021,11,08,0,45,51,499
2021,11,08,0,46,9,423
2021,11,08,0,46,27,339
2021,11,08,0,46,45,261
2021,11,08,0,47,3,839
2021,11,08,0,47,21,739
2021,11,08,0,47,39,675
2021,11,08,0,47,57,583
2021,11,08,0,48,15,515
2021,11,08,0,48,33,423
2021,11,08,0,48,51,355
2021,11,08,0,49,9,902
2021,11,08,0,49,27,838
2021,11,08,0,49,45,740
2021,11,08,0,50,3,675
2021,11,08,0,50,21,583
2021,11,08,0,50,39,515
2021,11,08,0,50,58,62
2021,11,08,0,51,15,983
2021,11,08,0,51,33,903
2021,11,08,0,51,53,99
2021,11,08,0,52,11,675
2021,11,08,0,52,30,861
2021,11,08,0,52,50,61
2021,11,08,0,53,8,622
2021,11,08,0,53,27,836
2021,11,08,0,53,47,23
2021,11,08,0,54,5,582
2021,11,08,0,54,24,798
2021,11,08,0,54,43,983
2021,11,08,0,55,3,180
2021,11,08,0,55,21,743
2021,11,08,0,55,40,955
2021,11,08,0,56,0,143
2021,11,08,0,56,18,703
2021,11,08,0,56,37,931
2021,11,08,0,56,57,103
2021,11,08,0,57,16,302
2021,11,08,0,57,34,862
2021,11,08,0,57,54,85
2021,11,08,0,58,13,262
2021,11,08,0,58,31,823
2021,11,08,0,58,51,38
2021,11,08,0,59,10,223
2021,11,08,0,59,29,420
2021,11,08,0,59,47,980
2021,11,08,1,0,7,195
2021,11,08,1,0,26,383
2021,11,08,1,0,44,942
2021,11,08,1,1,4,158
2021,11,08,1,1,23,343
2021,11,08,1,1,41,899
2021,11,08,1,2,1,99
2021,11,08,1,2,20,317
2021,11,08,1,2,39,502
2021,11,08,1,2,58,61
2021,11,08,1,3,17,275
2021,11,08,1,3,36,462
2021,11,08,1,3,55,23
2021,11,08,1,4,14,861
2021,11,08,1,4,33,439
2021,11,08,1,4,52,621
2021,11,08,1,5,11,182
2021,11,08,1,5,30,398
2021,11,08,1,5,49,582
2021,11,08,1,6,8,143
2021,11,08,1,6,27,341
2021,11,08,1,6,46,553
2021,11,08,1,7,5,743
2021,11,08,1,7,24,303
2021,11,08,1,7,43,515
2021,11,08,1,8,2,702
2021,11,08,1,8,21,263
2021,11,08,1,8,40,461
2021,11,08,1,8,59,678
2021,11,08,1,9,18,219
2021,11,08,1,9,37,423
2021,11,08,1,9,56,635
2021,11,08,1,10,15,827
2021,11,08,1,10,34,380
2021,11,08,1,10,53,582
2021,11,08,1,11,12,799
2021,11,08,1,11,31,342
2021,11,08,1,11,50,543
2021,11,08,1,12,9,755
2021,11,08,1,12,28,943
2021,11,08,1,12,47,502
2021,11,08,1,13,6,701
2021,11,08,1,13,25,915
2021,11,08,1,13,44,462
2021,11,08,1,14,3,662
2021,11,08,1,14,22,875
2021,11,08,1,14,42,61
2021,11,08,1,15,0,623
2021,11,08,1,15,19,829
2021,11,08,1,15,39,38
2021,11,08,1,15,57,583
2021,11,08,1,16,16,783
2021,11,08,1,16,35,999
2021,11,08,1,16,54,543
2021,11,08,1,17,13,743
2021,11,08,1,17,32,943
2021,11,08,1,17,52,154
2021,11,08,1,18,10,702
2021,11,08,1,18,29,902
2021,11,08,1,18,49,115
2021,11,08,1,19,7,661
2021,11,08,1,19,26,862
2021,11,08,1,19,46,59
2021,11,08,1,20,5,275
2021,11,08,1,20,23,823
2021,11,08,1,20,43,22
2021,11,08,1,21,2,235
2021,11,08,1,21,20,783
2021,11,08,1,21,39,983
2021,11,08,1,21,59,179
2021,11,08,1,22,18,395
2021,11,08,1,22,36,942
2021,11,08,1,22,56,141
2021,11,08,1,23,15,355
2021,11,08,1,23,33,900
2021,11,08,1,23,53,103
2021,11,08,1,24,12,302
2021,11,08,1,24,30,862
2021,11,08,1,24,50,61
2021,11,08,1,25,9,261
2021,11,08,1,25,28,475
2021,11,08,1,25,47,23
2021,11,08,1,26,6,223
2021,11,08,1,26,25,423
2021,11,08,1,26,43,979
2021,11,08,1,27,3,180
2021,11,08,1,27,22,380
2021,11,08,1,27,41,599
2021,11,08,1,28,0,143
2021,11,08,1,28,19,343
2021,11,08,1,28,38,543
2021,11,08,1,28,57,103
2021,11,08,1,29,16,303
2021,11,08,1,29,35,505
2021,11,08,1,29,54,79
2021,11,08,1,30,13,262
2021,11,08,1,30,32,462
2021,11,08,1,30,51,662
2021,11,08,1,31,10,223
2021,11,08,1,31,29,422
2021,11,08,1,31,48,623
2021,11,08,1,32,7,195
2021,11,08,1,32,26,380
2021,11,08,1,32,45,583
2021,11,08,1,33,4,782
2021,11,08,1,33,23,341
2021,11,08,1,33,42,540
2021,11,08,1,34,1,740
2021,11,08,1,34,20,315
2021,11,08,1,34,39,503
2021,11,08,1,34,58,703
2021,11,08,1,35,17,903
2021,11,08,1,35,36,462
2021,11,08,1,35,55,662
2021,11,08,1,36,14,862
2021,11,08,1,36,33,435
2021,11,08,1,36,52,623
2021,11,08,1,37,11,823
2021,11,08,1,37,30,398
2021,11,08,1,37,49,581
2021,11,08,1,38,8,790
2021,11,08,1,38,27,983
2021,11,08,1,38,46,559
2021,11,08,1,39,5,742
2021,11,08,1,39,24,943
2021,11,08,1,39,43,515
2021,11,08,1,40,2,699
2021,11,08,1,40,21,903
2021,11,08,1,40,41,102
2021,11,08,1,40,59,675
2021,11,08,1,41,18,862
2021,11,08,1,41,38,699
2021,11,08,1,41,59,179
2021,11,08,1,42,19,23
2021,11,08,1,42,38,861
2021,11,08,1,42,58,703
2021,11,08,1,43,19,179
2021,11,08,1,43,39,38
2021,11,08,1,43,58,879
2021,11,08,1,44,18,703
2021,11,08,1,44,39,180
2021,11,08,1,44,59,19
2021,11,08,1,45,18,861
2021,11,08,1,45,39,343
2021,11,08,1,45,59,179
2021,11,08,1,46,19,23
2021,11,08,1,46,38,862
2021,11,08,1,46,59,343
2021,11,08,1,47,19,199
2021,11,08,1,47,39,35
2021,11,08,1,47,58,862
2021,11,08,1,48,19,343
2021,11,08,1,48,39,180
2021,11,08,1,48,59,23
2021,11,08,1,49,20,143
2021,11,08,1,49,39,342
2021,11,08,1,49,59,183
2021,11,08,1,50,19,23
2021,11,08,1,50,39,503
2021,11,08,1,50,59,359
2021,11,08,1,51,19,196
2021,11,08,1,51,39,22
2021,11,08,1,51,59,503
2021,11,08,1,52,19,343
2021,11,08,1,52,39,183
2021,11,08,1,52,59,662
2021,11,08,1,53,19,503
2021,11,08,1,53,39,343
2021,11,08,1,53,59,180
2021,11,08,1,54,19,659
2021,11,08,1,54,39,527
2021,11,08,1,54,59,355
2021,11,08,1,55,19,182
2021,11,08,1,55,39,662
2021,11,08,1,55,59,503
2021,11,08,1,56,19,343
2021,11,08,1,56,39,823
2021,11,08,1,56,59,671
2021,11,08,1,57,19,503
2021,11,08,1,57,39,343
2021,11,08,1,57,59,823
2021,11,08,1,58,19,675
2021,11,08,1,58,39,515
2021,11,08,1,58,59,343
2021,11,08,1,59,19,820
2021,11,08,1,59,39,662
2021,11,08,1,59,59,503
2021,11,08,2,0,19,983
2021,11,08,2,0,39,819
2021,11,08,2,0,59,661
2021,11,08,2,1,19,503
2021,11,08,2,1,39,983
2021,11,08,2,1,59,835
2021,11,08,2,2,19,675
2021,11,08,2,2,39,503
2021,11,08,2,2,59,983
2021,11,08,2,3,19,819
2021,11,08,2,3,39,661
2021,11,08,2,4,0,143
2021,11,08,2,4,19,983
2021,11,08,2,4,39,823
2021,11,08,2,4,59,661
2021,11,08,2,5,20,143
2021,11,08,2,5,39,995
2021,11,08,2,5,59,835
2021,11,08,2,6,19,662
2021,11,08,2,6,40,143
2021,11,08,2,6,59,983
2021,11,08,2,7,19,823
2021,11,08,2,7,40,302
2021,11,08,2,8,0,143
2021,11,08,2,8,19,983
2021,11,08,2,8,39,823
2021,11,08,2,9,0,303
2021,11,08,2,9,20,155
2021,11,08,2,9,39,995
2021,11,08,2,9,59,822
2021,11,08,2,10,20,303
2021,11,08,2,10,40,143
2021,11,08,2,10,59,983
2021,11,08,2,11,20,462
2021,11,08,2,11,40,303
2021,11,08,2,12,0,139
2021,11,08,2,12,19,981
2021,11,08,2,12,40,459
2021,11,08,2,13,0,315
2021,11,08,2,13,20,159
2021,11,08,2,13,39,983
2021,11,08,2,14,0,462
2021,11,08,2,14,20,302
2021,11,08,2,14,40,143
2021,11,08,2,15,0,623
2021,11,08,2,15,20,461
2021,11,08,2,15,40,303
2021,11,08,2,16,0,141
2021,11,08,2,16,20,618
2021,11,08,2,16,40,475
2021,11,08,2,17,0,315
2021,11,08,2,17,20,142
2021,11,08,2,17,40,623
2021,11,08,2,18,0,461
2021,11,08,2,18,20,298
2021,11,08,2,18,40,782
2021,11,08,2,19,0,618
2021,11,08,2,19,20,462
2021,11,08,2,19,40,303
2021,11,08,2,20,0,783
2021,11,08,2,20,20,638
2021,11,08,2,20,40,475
2021,11,08,2,21,0,303
2021,11,08,2,21,20,783
2021,11,08,2,21,40,620
2021,11,08,2,22,0,462
2021,11,08,2,22,20,941
2021,11,08,2,22,40,783
2021,11,08,2,23,0,619
2021,11,08,2,23,20,461
2021,11,08,2,23,40,943
2021,11,08,2,24,0,795
2021,11,08,2,24,20,639
2021,11,08,2,24,40,462
2021,11,08,2,25,0,943
2021,11,08,2,25,20,783
2021,11,08,2,25,40,623
2021,11,08,2,26,1,102
2021,11,08,2,26,20,943
2021,11,08,2,26,40,783
2021,11,08,2,27,0,623
2021,11,08,2,27,21,101
2021,11,08,2,27,40,955
2021,11,08,2,28,0,799
2021,11,08,2,28,20,625
2021,11,08,2,28,41,103
2021,11,08,2,29,0,942
2021,11,08,2,29,20,783
2021,11,08,2,29,41,262
2021,11,08,2,30,1,103
2021,11,08,2,30,20,943
2021,11,08,2,30,40,783
2021,11,08,2,31,1,261
2021,11,08,2,31,21,115
2021,11,08,2,31,42,222
2021,11,08,2,32,3,343
2021,11,08,2,32,23,831
2021,11,08,2,32,44,939
2021,11,08,2,33,6,61
2021,11,08,2,33,27,181
2021,11,08,2,33,48,303
2021,11,08,2,34,9,435
2021,11,08,2,34,29,915
2021,11,08,2,34,51,39
2021,11,08,2,35,12,143
2021,11,08,2,35,33,261
2021,11,08,2,35,54,380
2021,11,08,2,36,15,503
2021,11,08,2,36,35,983
2021,11,08,2,36,57,111
2021,11,08,2,37,18,223
2021,11,08,2,37,39,355
2021,11,08,2,38,0,475
2021,11,08,2,38,21,580
2021,11,08,2,38,42,61
2021,11,08,2,39,3,179
2021,11,08,2,39,24,300
2021,11,08,2,39,45,423
2021,11,08,2,40,6,538
2021,11,08,2,40,27,23
2021,11,08,2,40,48,142
2021,11,08,2,41,9,275
2021,11,08,2,41,30,395
2021,11,08,2,41,51,503
2021,11,08,2,42,12,623
2021,11,08,2,42,33,106
2021,11,08,2,42,54,223
2021,11,08,2,43,15,343
2021,11,08,2,43,36,461
2021,11,08,2,43,57,583
2021,11,08,2,44,18,715
2021,11,08,2,44,39,195
2021,11,08,2,45,0,317
2021,11,08,2,45,21,420
2021,11,08,2,45,42,543
2021,11,08,2,46,3,661
2021,11,08,2,46,24,780
2021,11,08,2,46,45,261
2021,11,08,2,47,6,383
2021,11,08,2,47,27,502
2021,11,08,2,47,48,635
2021,11,08,2,48,9,755
2021,11,08,2,48,30,860
2021,11,08,2,48,51,343
2021,11,08,2,49,12,459
2021,11,08,2,49,33,583
2021,11,08,2,49,54,703
2021,11,08,2,50,15,823
2021,11,08,2,50,36,939
2021,11,08,2,50,57,423
2021,11,08,2,51,18,555
2021,11,08,2,51,39,674
2021,11,08,2,52,0,780
2021,11,08,2,52,21,903
2021,11,08,2,52,42,379
2021,11,08,2,53,3,503
2021,11,08,2,53,24,620
2021,11,08,2,53,45,739
2021,11,08,2,54,7,515
2021,11,08,2,54,27,995
2021,11,08,2,54,49,113
2021,11,08,2,55,9,595
2021,11,08,2,55,30,703
2021,11,08,2,55,51,822
2021,11,08,2,56,12,943
2021,11,08,2,56,34,61
2021,11,08,2,56,55,183
2021,11,08,2,57,15,662
2021,11,08,2,57,36,782
2021,11,08,2,57,57,914
2021,11,08,2,58,19,38
2021,11,08,2,58,40,140
2021,11,08,2,59,1,261
2021,11,08,2,59,21,742
2021,11,08,2,59,42,862
2021,11,08,3,0,3,981
2021,11,08,3,0,25,103
2021,11,08,3,0,46,222
2021,11,08,3,1,7,355
2021,11,08,3,1,27,835
2021,11,08,3,1,48,959
2021,11,08,3,2,10,62
2021,11,08,3,2,31,179
2021,11,08,3,2,52,300
2021,11,08,3,3,13,423
2021,11,08,3,3,33,903
2021,11,08,3,3,55,23
2021,11,08,3,4,21,838
2021,11,08,3,4,37,274
2021,11,08,3,4,58,398
2021,11,08,3,5,19,500
2021,11,08,3,5,39,981
2021,11,08,3,6,1,103
2021,11,08,3,6,22,219
2021,11,08,3,6,43,342
2021,11,08,3,7,4,461
2021,11,08,3,7,25,580
2021,11,08,3,7,46,61
2021,11,08,3,8,7,195
2021,11,08,3,8,28,315
2021,11,08,3,8,49,423
2021,11,08,3,9,10,543
2021,11,08,3,9,31,675
2021,11,08,3,9,52,187
2021,11,08,3,10,13,261
2021,11,08,3,10,34,380
2021,11,08,3,10,55,503
2021,11,08,3,11,16,635
2021,11,08,3,11,37,759
2021,11,08,3,11,58,235
2021,11,08,3,12,19,343
2021,11,08,3,12,40,460
2021,11,08,3,13,1,591
2021,11,08,3,13,22,702
2021,11,08,3,13,49,578
2021,11,08,3,14,4,299
2021,11,08,3,14,25,423
2021,11,08,3,14,46,555
2021,11,08,3,15,7,675
2021,11,08,3,15,28,783
2021,11,08,3,15,49,903
2021,11,08,3,16,10,380
2021,11,08,3,16,31,506
2021,11,08,3,16,52,623
2021,11,08,3,17,13,743
2021,11,08,3,17,34,862
2021,11,08,3,17,55,999
2021,11,08,3,18,16,475
2021,11,08,3,18,37,595
2021,11,08,3,18,58,703
2021,11,08,3,19,19,820
2021,11,08,3,19,40,943
2021,11,08,3,20,2,62
2021,11,08,3,20,22,543
2021,11,08,3,20,43,661
2021,11,08,3,21,4,788
2021,11,08,3,21,27,183
2021,11,08,3,21,48,942
2021,11,08,3,22,10,703
2021,11,08,3,22,40,167
2021,11,08,3,22,54,861
2021,11,08,3,23,16,623
2021,11,08,3,23,39,35
2021,11,08,3,24,0,782
2021,11,08,3,24,28,952
2021,11,08,3,24,44,943
2021,11,08,3,25,6,715
2021,11,08,3,25,29,99
2021,11,08,3,25,50,907
2021,11,08,3,26,13,279
2021,11,08,3,26,35,21
2021,11,08,3,27,3,191
2021,11,08,3,27,19,195
2021,11,08,3,27,46,998
2021,11,08,3,28,3,387
2021,11,08,3,28,25,103
2021,11,08,3,28,52,667
2021,11,08,3,29,9,262
2021,11,08,3,29,31,20
2021,11,08,3,29,59,79
2021,11,08,3,30,15,179
2021,11,08,3,30,42,407
2021,11,08,3,30,59,355
2021,11,08,3,31,21,103
2021,11,08,3,31,48,151
2021,11,08,3,32,5,261
2021,11,08,3,32,27,35
2021,11,08,3,32,49,423
2021,11,08,3,33,16,951
2021,11,08,3,33,33,595
2021,11,08,3,33,55,343
2021,11,08,3,34,17,103
2021,11,08,3,34,44,247
2021,11,08,3,35,1,261
2021,11,08,3,35,23,667
2021,11,08,3,35,45,423
2021,11,08,3,36,7,195
2021,11,08,3,36,34,639
2021,11,08,3,36,51,343
2021,11,08,3,37,18,951
2021,11,08,3,37,35,500
2021,11,08,3,37,57,259
2021,11,08,3,38,19,683
2021,11,08,3,38,47,759
2021,11,08,3,39,3,179
2021,11,08,3,39,30,3
2021,11,08,3,39,47,355
2021,11,08,3,40,9,743
2021,11,08,3,40,31,499
2021,11,08,3,40,53,278
2021,11,08,3,41,15,662
2021,11,08,3,41,37,423
2021,11,08,3,41,59,835
2021,11,08,3,42,21,579
2021,11,08,3,42,43,343
2021,11,08,3,43,5,743
2021,11,08,3,43,27,518
2021,11,08,3,43,55,483
2021,11,08,3,44,11,661
2021,11,08,3,44,40,399
2021,11,08,3,44,55,823
2021,11,08,3,45,17,582
2021,11,08,3,45,39,998
2021,11,08,3,46,1,743
2021,11,08,3,46,29,841
2021,11,08,3,46,45,900
2021,11,08,3,47,13,607
2021,11,08,3,47,30,66
2021,11,08,3,47,51,823
2021,11,08,3,48,13,595
2021,11,08,3,48,35,983
2021,11,08,3,48,57,743
2021,11,08,3,49,25,927
2021,11,08,3,49,41,902
2021,11,08,3,50,3,662
2021,11,08,3,50,31,759
2021,11,08,3,50,47,835
2021,11,08,3,51,15,919
2021,11,08,3,51,31,983
2021,11,08,3,51,53,755
2021,11,08,3,52,23,119
2021,11,08,3,52,37,899
2021,11,08,3,53,0,315
2021,11,08,3,53,22,62
2021,11,08,3,53,43,823
2021,11,08,3,54,6,223
2021,11,08,3,54,27,995
2021,11,08,3,54,56,807
2021,11,08,3,55,12,142
2021,11,08,3,55,33,915
2021,11,08,3,55,56,302
2021,11,08,3,56,18,61
2021,11,08,3,56,40,475
2021,11,08,3,57,2,220
2021,11,08,3,57,23,979
2021,11,08,3,57,46,380
2021,11,08,3,58,8,159
2021,11,08,3,58,35,671
2021,11,08,3,58,52,299
2021,11,08,3,59,14,75
2021,11,08,3,59,36,462
2021,11,08,3,59,58,222
2021,11,08,4,0,26,318
2021,11,08,4,0,42,380
2021,11,08,4,1,10,126
2021,11,08,4,1,26,587
2021,11,08,4,1,48,318
2021,11,08,4,2,16,815
2021,11,08,4,2,32,462
2021,11,08,4,2,54,235
2021,11,08,4,3,16,623
2021,11,08,4,3,38,390
2021,11,08,4,4,6,478
2021,11,08,4,4,22,539
2021,11,08,4,4,50,75
2021,11,08,4,5,6,703
2021,11,08,4,5,28,475
2021,11,08,4,5,56,631
2021,11,08,4,6,12,623
2021,11,08,4,6,34,396
2021,11,08,4,7,3,615
2021,11,08,4,7,18,541
2021,11,08,4,7,46,642
2021,11,08,4,8,2,703
2021,11,08,4,8,30,159
2021,11,08,4,8,46,861
2021,11,08,4,9,8,638
2021,11,08,4,9,37,446
2021,11,08,4,9,52,783
2021,11,08,4,10,22,21
2021,11,08,4,10,36,942
2021,11,08,4,10,58,703
2021,11,08,4,11,27,946
2021,11,08,4,11,44,783
2021,11,08,4,12,7,835
2021,11,08,4,12,35,351
2021,11,08,4,12,53,915
2021,11,08,4,13,22,55
2021,11,08,4,13,39,998
2021,11,08,4,14,7,514
2021,11,08,4,14,26,75
2021,11,08,4,14,52,954
2021,11,08,4,15,12,158
2021,11,08,4,15,38,555
2021,11,08,4,15,58,235
2021,11,08,4,16,25,527
2021,11,08,4,16,43,675
2021,11,08,4,17,7,354
2021,11,08,4,17,35,439
2021,11,08,4,17,52,783
2021,11,08,4,18,15,839
2021,11,08,4,18,44,647
2021,11,08,4,19,1,918
2021,11,08,4,19,31,719
2021,11,08,4,19,47,998
2021,11,08,4,20,11,23
2021,11,08,4,20,34,75
2021,11,08,4,21,2,232
2021,11,08,4,21,20,159
2021,11,08,4,21,47,768
2021,11,08,4,22,6,235
2021,11,08,4,22,29,261
2021,11,08,4,22,52,317
2021,11,08,4,23,20,583
2021,11,08,4,23,38,395
2021,11,08,4,24,6,45
2021,11,08,4,24,24,475
2021,11,08,4,24,51,835
2021,11,08,4,25,10,555
2021,11,08,4,25,37,754
2021,11,08,4,25,56,635
2021,11,08,4,26,20,239
2021,11,08,4,26,47,559
2021,11,08,4,27,5,100
2021,11,08,4,27,34,479
2021,11,08,4,27,51,183
2021,11,08,4,28,14,219
2021,11,08,4,28,37,259
2021,11,08,4,29,6,739
2021,11,08,4,29,23,338
2021,11,08,4,29,52,719
2021,11,08,4,30,9,422
2021,11,08,4,30,32,462
2021,11,08,4,30,55,943
2021,11,08,4,31,24,239
2021,11,08,4,31,41,583
2021,11,08,4,32,4,622
2021,11,08,4,32,32,375
2021,11,08,4,32,50,701
2021,11,08,4,33,13,743
2021,11,08,4,33,36,779
2021,11,08,4,34,5,411
2021,11,08,4,34,22,861
2021,11,08,4,34,52,239
2021,11,08,4,35,8,943
2021,11,08,4,35,38,231
2021,11,08,4,35,55,23
2021,11,08,4,36,17,575
2021,11,08,4,36,41,679
2021,11,08,4,37,9,959
2021,11,08,4,37,26,543
2021,11,08,4,37,49,583
2021,11,08,4,38,18,407
2021,11,08,4,38,35,661
2021,11,08,4,38,58,807
2021,11,08,4,39,28,183
2021,11,08,4,39,44,783
2021,11,08,4,40,12,999
2021,11,08,4,40,30,861
2021,11,08,4,40,58,683
2021,11,08,4,41,16,943
2021,11,08,4,41,39,983
2021,11,08,4,42,3,23
2021,11,08,4,42,31,583
2021,11,08,4,42,49,103
2021,11,08,4,43,16,559
2021,11,08,4,43,35,181
2021,11,08,4,44,2,643
2021,11,08,4,44,21,259
2021,11,08,4,44,44,299
2021,11,08,4,45,10,854
2021,11,08,4,45,29,755
2021,11,08,4,45,57,842
2021,11,08,4,46,15,835
2021,11,08,4,46,43,279
2021,11,08,4,47,2,538
2021,11,08,4,47,24,943
2021,11,08,4,47,47,995
2021,11,08,4,48,18,151
2021,11,08,4,48,34,75
2021,11,08,4,49,3,439
2021,11,08,4,49,20,162
2021,11,08,4,49,49,523
2021,11,08,4,50,6,243
2021,11,08,4,50,30,479
2021,11,08,4,50,58,638
2021,11,08,4,51,15,343
2021,11,08,4,51,38,395
2021,11,08,4,52,7,35
2021,11,08,4,52,24,475
2021,11,08,4,52,52,559
2021,11,08,4,53,10,555
2021,11,08,4,53,38,715
2021,11,08,4,53,56,635
2021,11,08,4,54,24,719
2021,11,08,4,54,42,715
2021,11,08,4,55,5,99
2021,11,08,4,55,33,771
2021,11,08,4,55,51,179
2021,11,08,4,56,15,438
2021,11,08,4,56,45,39
2021,11,08,4,57,0,315
2021,11,08,4,57,23,342
2021,11,08,4,57,46,398
2021,11,08,4,58,15,490
2021,11,08,4,58,32,475
2021,11,08,4,58,55,499
2021,11,08,4,59,22,871
2021,11,08,4,59,41,583
2021,11,08,5,0,9,681
2021,11,08,5,0,27,662
2021,11,08,5,0,54,715
2021,11,08,5,1,14,380
2021,11,08,5,1,39,31
2021,11,08,5,2,3,602
2021,11,08,5,2,30,635
2021,11,08,5,2,50,382
2021,11,08,5,3,15,862
2021,11,08,5,3,42,758
2021,11,08,5,4,2,699
2021,11,08,5,4,27,527
2021,11,08,5,4,50,699
2021,11,08,5,5,20,839
2021,11,08,5,5,38,702
2021,11,08,5,6,8,807
2021,11,08,5,6,26,703
2021,11,08,5,6,52,207
2021,11,08,5,7,14,718
2021,11,08,5,7,44,902
2021,11,08,5,8,2,699
2021,11,08,5,8,28,165
2021,11,08,5,8,57,127
2021,11,08,5,9,15,19
2021,11,08,5,9,39,507
2021,11,08,5,10,3,271
2021,11,08,5,10,26,939
2021,11,08,5,10,51,675
2021,11,08,5,11,15,932
2021,11,08,5,11,46,151
2021,11,08,5,12,2,703
2021,11,08,5,12,27,943
2021,11,08,5,12,52,559
2021,11,08,5,13,20,197
2021,11,08,5,13,39,355
2021,11,08,5,14,8,719
2021,11,08,5,14,27,351
2021,11,08,5,14,52,243
2021,11,08,5,15,19,927
2021,11,08,5,15,39,23
2021,11,08,5,16,9,39
2021,11,08,5,16,27,22
2021,11,08,5,16,52,559
2021,11,08,5,17,19,755
2021,11,08,5,17,39,355
2021,11,08,5,18,3,675
2021,11,08,5,18,32,487
2021,11,08,5,18,51,35
2021,11,08,5,19,17,287
2021,11,08,5,19,46,156
2021,11,08,5,20,3,354
2021,11,08,5,20,32,719
2021,11,08,5,20,51,343
2021,11,08,5,21,16,239
2021,11,08,5,21,39,687
2021,11,08,5,22,9,999
2021,11,08,5,22,27,340
2021,11,08,5,22,55,907
2021,11,08,5,23,15,343
2021,11,08,5,23,40,879
2021,11,08,5,24,9,683
2021,11,08,5,24,27,662
2021,11,08,5,24,51,495
2021,11,08,5,25,16,967
2021,11,08,5,25,39,342
2021,11,08,5,26,10,95
2021,11,08,5,26,27,359
2021,11,08,5,26,52,879
2021,11,08,5,27,21,689
2021,11,08,5,27,39,661
2021,11,08,5,28,3,495
2021,11,08,5,28,28,462
2021,11,08,5,28,52,567
2021,11,08,5,29,20,151
2021,11,08,5,29,39,343
2021,11,08,5,30,7,767
2021,11,08,5,30,27,355
2021,11,08,5,30,53,605
2021,11,08,5,31,21,679
2021,11,08,5,31,39,675
2021,11,08,5,32,9,831
2021,11,08,5,32,27,661
2021,11,08,5,32,56,759
2021,11,08,5,33,15,661
2021,11,08,5,33,46,251
2021,11,08,5,34,3,662
2021,11,08,5,34,28,87
2021,11,08,5,34,52,767
2021,11,08,5,35,21,38
2021,11,08,5,35,39,675
2021,11,08,5,36,5,274
2021,11,08,5,36,27,662
2021,11,08,5,36,58,319
2021,11,08,5,37,15,659
2021,11,08,5,37,45,679
2021,11,08,5,38,3,675
2021,11,08,5,38,29,199
2021,11,08,5,38,57,999
2021,11,08,5,39,15,983
2021,11,08,5,39,46,731
2021,11,08,5,40,3,983
2021,11,08,5,40,28,879
2021,11,08,5,40,58,327
2021,11,08,5,41,15,662
2021,11,08,5,41,41,199
2021,11,08,5,42,8,679
2021,11,08,5,42,27,980
2021,11,08,5,42,58,214
2021,11,08,5,43,15,995
2021,11,08,5,43,40,879
2021,11,08,5,44,10,323
2021,11,08,5,44,28,307
2021,11,08,5,44,53,202
2021,11,08,5,45,20,983
2021,11,08,5,45,39,983
2021,11,08,5,46,10,2
2021,11,08,5,46,27,983
2021,11,08,5,46,54,246
2021,11,08,5,47,22,319
2021,11,08,5,47,40,303
2021,11,08,5,48,10,375
2021,11,08,5,48,28,315
2021,11,08,5,48,53,925
2021,11,08,5,49,21,434
2021,11,08,5,49,39,994
2021,11,08,5,50,8,927
2021,11,08,5,50,27,983
2021,11,08,5,50,56,489
2021,11,08,5,51,17,275
2021,11,08,5,51,43,311
2021,11,08,5,52,8,200
2021,11,08,5,52,33,46
2021,11,08,5,53,2,43
2021,11,08,5,53,22,59
2021,11,08,5,53,48,325
2021,11,08,5,54,18,319
2021,11,08,5,54,37,583
2021,11,08,5,55,9,519
2021,11,08,5,55,27,515
2021,11,08,5,55,53,527
2021,11,08,5,56,18,639
2021,11,08,5,56,43,374
2021,11,08,5,57,9,199
2021,11,08,5,57,38,638
2021,11,08,5,57,57,261
2021,11,08,5,58,22,759
2021,11,08,5,58,47,685
2021,11,08,5,59,13,998
2021,11,08,5,59,39,687
2021,11,08,6,0,3,917
2021,11,08,6,0,28,462
2021,11,08,6,0,53,607
2021,11,08,6,1,18,431
2021,11,08,6,1,42,999
2021,11,08,6,2,7,876
2021,11,08,6,2,32,727
2021,11,08,6,2,57,734
2021,11,08,6,3,28,679
2021,11,08,6,3,47,341
2021,11,08,6,4,13,931
2021,11,08,6,4,39,845
2021,11,08,6,5,8,358
2021,11,08,6,5,27,819
2021,11,08,6,5,53,798
2021,11,08,6,6,18,39
2021,11,08,6,6,42,807
2021,11,08,6,7,8,880
2021,11,08,6,7,33,839
2021,11,08,6,7,58,797
2021,11,08,6,8,23,759
2021,11,08,6,8,48,719
2021,11,08,6,9,13,679
2021,11,08,6,9,39,399
2021,11,08,6,10,3,128
2021,11,08,6,10,28,230
2021,11,08,6,10,53,591
2021,11,08,6,11,19,123
2021,11,08,6,11,43,239
2021,11,08,6,12,9,38
2021,11,08,6,12,33,431
2021,11,08,6,12,58,959
2021,11,08,6,13,23,559
2021,11,08,6,13,48,967
2021,11,08,6,14,14,631
2021,11,08,6,14,39,439
2021,11,08,6,15,8,878
2021,11,08,6,15,28,143
2021,11,08,6,15,54,323
2021,11,08,6,16,19,279
2021,11,08,6,16,44,243
2021,11,08,6,17,9,255
2021,11,08,6,17,32,943
2021,11,08,6,17,59,116
2021,11,08,6,18,24,139
2021,11,08,6,18,48,407
2021,11,08,6,19,13,659
2021,11,08,6,19,40,967
2021,11,08,6,20,4,559
2021,11,08,6,20,29,519
2021,11,08,6,20,54,483
2021,11,08,6,21,19,787
2021,11,08,6,21,44,399
2021,11,08,6,22,8,989
2021,11,08,6,22,33,767
2021,11,08,6,23,4,399
2021,11,08,6,23,23,23
2021,11,08,6,23,48,631
2021,11,08,6,24,14,799
2021,11,08,6,24,41,124
2021,11,08,6,25,3,503
2021,11,08,6,25,29,591
2021,11,08,6,26,2,667
2021,11,08,6,26,18,380
2021,11,08,6,26,43,999
2021,11,08,6,27,8,871
2021,11,08,6,27,34,487
2021,11,08,6,27,59,433
2021,11,08,6,28,23,847
2021,11,08,6,28,49,211
2021,11,08,6,29,14,959
2021,11,08,6,29,39,831
2021,11,08,6,30,5,607
2021,11,08,6,30,35,871
2021,11,08,6,30,53,581
2021,11,08,6,31,19,347
2021,11,08,6,31,44,719
2021,11,08,6,32,9,127
2021,11,08,6,32,33,992
2021,11,08,6,32,58,823
2021,11,08,6,33,23,687
2021,11,08,6,33,50,159
2021,11,08,6,34,15,119
2021,11,08,6,34,40,79
2021,11,08,6,35,5,771
2021,11,08,6,35,29,999
2021,11,08,6,35,55,435
2021,11,08,6,36,19,919
2021,11,08,6,36,44,391
2021,11,08,6,37,9,786
2021,11,08,6,37,33,583
2021,11,08,6,37,59,72
2021,11,08,6,38,24,10
2021,11,08,6,38,48,922
2021,11,08,6,39,14,206
2021,11,08,6,39,40,239
2021,11,08,6,40,6,599
2021,11,08,6,40,30,159
2021,11,08,6,40,54,951
2021,11,08,6,41,21,362
2021,11,08,6,41,46,959
2021,11,08,6,42,12,271
2021,11,08,6,42,38,583
2021,11,08,6,43,5,514
2021,11,08,6,43,30,954
2021,11,08,6,43,56,880
2021,11,08,6,44,22,104
2021,11,08,6,44,50,84
2021,11,08,6,45,21,360
2021,11,08,6,45,39,983
2021,11,08,6,46,7,440
2021,11,08,6,46,32,475
2021,11,08,6,46,59,278
2021,11,08,6,47,24,742
2021,11,08,6,47,51,119
2021,11,08,6,48,17,399
2021,11,08,6,48,42,727
2021,11,08,6,49,9,202
2021,11,08,6,49,35,79
2021,11,08,6,50,2,405
2021,11,08,6,50,32,219
2021,11,08,6,50,52,302
2021,11,08,6,51,18,727
2021,11,08,6,51,44,611
2021,11,08,6,52,10,616
2021,11,08,6,52,36,327
2021,11,08,6,53,3,111
2021,11,08,6,53,29,679
2021,11,08,6,53,55,315
2021,11,08,6,54,20,839
2021,11,08,6,54,47,690
2021,11,08,6,55,14,87
2021,11,08,6,55,45,607
2021,11,08,6,56,4,621
2021,11,08,6,56,31,255
2021,11,08,6,56,57,33
2021,11,08,6,57,22,907
2021,11,08,6,57,49,519
2021,11,08,6,58,15,831
2021,11,08,6,58,47,815
2021,11,08,6,59,6,380
2021,11,08,6,59,33,839
2021,11,08,6,59,59,230
2021,11,08,7,0,25,679
2021,11,08,7,0,52,647
2021,11,08,7,1,17,523
2021,11,08,7,1,42,843
2021,11,08,7,2,9,943
2021,11,08,7,2,35,469
2021,11,08,7,3,1,843
2021,11,08,7,3,28,79
2021,11,08,7,3,53,635
2021,11,08,7,4,19,15
2021,11,08,7,4,45,527
2021,11,08,7,5,11,759
2021,11,08,7,5,38,87
2021,11,08,7,6,3,623
2021,11,08,7,6,29,323
2021,11,08,7,6,55,655
2021,11,08,7,7,22,319
2021,11,08,7,7,47,918
2021,11,08,7,8,14,162
2021,11,08,7,8,39,761
2021,11,08,7,9,5,31
2021,11,08,7,9,31,927
2021,11,08,7,9,57,841
2021,11,08,7,10,24,807
2021,11,08,7,10,54,161
2021,11,08,7,11,14,715
2021,11,08,7,11,41,695
2021,11,08,7,12,8,399
2021,11,08,7,12,34,0
2021,11,08,7,12,59,575
2021,11,08,7,13,25,843
2021,11,08,7,13,52,99
2021,11,08,7,14,18,395
2021,11,08,7,14,50,959
2021,11,08,7,15,8,943
2021,11,08,7,15,35,239
2021,11,08,7,16,2,727
2021,11,08,7,16,34,639
2021,11,08,7,16,53,261
2021,11,08,7,17,20,83
2021,11,08,7,17,45,675
2021,11,08,7,18,12,567
2021,11,08,7,18,37,355
2021,11,08,7,19,4,210
2021,11,08,7,19,31,298
2021,11,08,7,20,2,971
2021,11,08,7,20,21,261
2021,11,08,7,20,47,846
2021,11,08,7,21,14,323
2021,11,08,7,21,40,647
2021,11,08,7,22,6,159
2021,11,08,7,22,32,62
2021,11,08,7,22,58,399
2021,11,08,7,23,23,943
2021,11,08,7,23,50,311
2021,11,08,7,24,16,720
2021,11,08,7,24,42,379
2021,11,08,7,25,7,784
2021,11,08,7,25,34,250
2021,11,08,7,25,59,607
2021,11,08,7,26,27,367
2021,11,08,7,26,59,35
2021,11,08,7,27,17,275
2021,11,08,7,27,44,794
2021,11,08,7,28,9,674
2021,11,08,7,28,36,561
2021,11,08,7,29,2,799
2021,11,08,7,29,28,402
2021,11,08,7,29,54,639
2021,11,08,7,30,20,705
2021,11,08,7,30,52,10
2021,11,08,7,31,12,159
2021,11,08,7,31,40,883
2021,11,08,7,32,8,551
2021,11,08,7,32,34,643
2021,11,08,7,33,1,520
2021,11,08,7,33,28,795
2021,11,08,7,33,55,771
2021,11,08,7,34,22,251
2021,11,08,7,34,49,679
2021,11,08,7,35,15,559
2021,11,08,7,35,43,767
2021,11,08,7,36,10,961
2021,11,08,7,36,37,839
2021,11,08,7,37,4,183
2021,11,08,7,37,30,698
2021,11,08,7,37,58,573
2021,11,08,7,38,26,3
2021,11,08,7,38,52,475
2021,11,08,7,39,19,371
2021,11,08,7,39,46,643
2021,11,08,7,40,13,387
2021,11,08,7,40,40,970
2021,11,08,7,41,7,922
2021,11,08,7,41,35,587
2021,11,08,7,42,3,687
2021,11,08,7,42,28,441
2021,11,08,7,42,55,515
2021,11,08,7,43,22,962
2021,11,08,7,43,48,731
2021,11,08,7,44,17,362
2021,11,08,7,44,43,371
2021,11,08,7,45,11,119
2021,11,08,7,45,36,843
2021,11,08,7,46,3,913
2021,11,08,7,46,32,403
2021,11,08,7,47,0,679
2021,11,08,7,47,26,159
2021,11,08,7,47,52,38
2021,11,08,7,48,18,811
2021,11,08,7,48,46,587
2021,11,08,7,49,14,319
2021,11,08,7,49,40,279
2021,11,08,7,50,7,547
2021,11,08,7,50,35,602
2021,11,08,7,51,1,643
2021,11,08,7,51,29,359
2021,11,08,7,51,56,394
2021,11,08,7,52,22,171
2021,11,08,7,52,49,819
2021,11,08,7,53,17,523
2021,11,08,7,53,43,559
2021,11,08,7,54,10,506
2021,11,08,7,54,37,839
2021,11,08,7,55,5,683
2021,11,08,7,55,32,562
2021,11,08,7,55,59,35
2021,11,08,7,56,25,479
2021,11,08,7,56,53,355
2021,11,08,7,57,20,723
2021,11,08,7,57,46,457
2021,11,08,7,58,13,638
2021,11,08,7,58,40,806
2021,11,08,7,59,7,819
2021,11,08,7,59,34,839
2021,11,08,8,0,2,495
2021,11,08,8,0,29,523
2021,11,08,8,0,56,403
2021,11,08,8,1,22,779
2021,11,08,8,1,50,311
2021,11,08,8,2,16,793
2021,11,08,8,2,43,993
2021,11,08,8,3,11,378
2021,11,08,8,3,38,439
2021,11,08,8,4,5,84
2021,11,08,8,4,32,467
2021,11,08,8,4,59,535
2021,11,08,8,5,26,159
2021,11,08,8,5,53,435
2021,11,08,8,6,20,671
2021,11,08,8,6,48,521
2021,11,08,8,7,14,347
2021,11,08,8,7,41,675
2021,11,08,8,8,8,603
2021,11,08,8,8,35,695
2021,11,08,8,9,2,803
2021,11,08,8,9,29,679
2021,11,08,8,9,56,850
2021,11,08,8,10,24,503
2021,11,08,8,10,50,959
2021,11,08,8,11,17,843
2021,11,08,8,11,44,875
2021,11,08,8,12,11,979
2021,11,08,8,12,39,123
2021,11,08,8,13,6,3
2021,11,08,8,13,32,879
2021,11,08,8,13,59,761
2021,11,08,8,14,27,279
2021,11,08,8,14,54,161
2021,11,08,8,15,21,83
2021,11,08,8,15,47,923
2021,11,08,8,16,14,803
2021,11,08,8,16,43,47
2021,11,08,8,17,9,203
2021,11,08,8,17,36,82
2021,11,08,8,18,1,915
2021,11,08,8,18,30,523
2021,11,08,8,18,57,366
2021,11,08,8,19,24,239
2021,11,08,8,19,50,91
2021,11,08,8,20,17,131
2021,11,08,8,20,45,523
2021,11,08,8,21,12,762
2021,11,08,8,21,42,603
2021,11,08,8,22,8,811
2021,11,08,8,22,37,522
2021,11,08,8,23,4,953
2021,11,08,8,23,33,203
2021,11,08,8,24,1,361
2021,11,08,8,24,28,955
2021,11,08,8,24,57,681
2021,11,08,8,25,24,487
2021,11,08,8,25,53,362
2021,11,08,8,26,20,555
2021,11,08,8,26,49,767
2021,11,08,8,27,17,64
2021,11,08,8,27,45,367
2021,11,08,8,28,13,519
2021,11,08,8,28,41,680
2021,11,08,8,29,9,203
2021,11,08,8,29,36,359
2021,11,08,8,30,5,446
2021,11,08,8,30,32,647
2021,11,08,8,31,1,839
2021,11,08,8,31,28,455
2021,11,08,8,31,58,315
2021,11,08,8,32,24,667
2021,11,08,8,32,53,766
2021,11,08,8,33,21,362
2021,11,08,8,33,49,520
2021,11,08,8,34,17,115
2021,11,08,8,34,45,199
2021,11,08,8,35,13,362
2021,11,08,8,35,41,255
2021,11,08,8,36,9,531
2021,11,08,8,36,36,746
2021,11,08,8,37,7,368
2021,11,08,8,37,33,579
2021,11,08,8,38,1,679
2021,11,08,8,38,29,547
2021,11,08,8,38,57,998
2021,11,08,8,39,25,195
2021,11,08,8,39,53,683
2021,11,08,8,40,21,427
2021,11,08,8,40,50,7
2021,11,08,8,41,16,811
2021,11,08,8,41,45,681
2021,11,08,8,42,14,567
2021,11,08,8,42,42,31
2021,11,08,8,43,9,751
2021,11,08,8,43,36,667
2021,11,08,8,44,5,899
2021,11,08,8,44,32,843
2021,11,08,8,45,1,895
2021,11,08,8,45,29,683
2021,11,08,8,45,57,298
2021,11,08,8,46,26,3
2021,11,08,8,46,54,38
2021,11,08,8,47,21,771
2021,11,08,8,47,49,851
2021,11,08,8,48,17,355
2021,11,08,8,48,46,95
2021,11,08,8,49,13,499
2021,11,08,8,49,41,843
2021,11,08,8,50,9,611
2021,11,08,8,50,37,935
2021,11,08,8,51,5,770
2021,11,08,8,51,34,483
2021,11,08,8,52,1,527
2021,11,08,8,52,29,611
2021,11,08,8,52,58,170
2021,11,08,8,53,26,287
2021,11,08,8,53,53,449
2021,11,08,8,54,22,161
2021,11,08,8,54,49,467
2021,11,08,8,55,18,545
2021,11,08,8,55,46,3
2021,11,08,8,56,13,595
2021,11,08,8,56,41,755
2021,11,08,8,57,9,914
2021,11,08,8,57,39,433
2021,11,08,8,58,5,90
2021,11,08,8,58,34,90
2021,11,08,8,59,2,483
2021,11,08,8,59,30,203
2021,11,08,8,59,57,159
2021,11,08,9,0,26,323
2021,11,08,9,0,53,483
2021,11,08,9,1,22,531
2021,11,08,9,1,49,751
2021,11,08,9,2,18,350
2021,11,08,9,2,46,669
2021,11,08,9,3,14,643
2021,11,08,9,3,42,55
2021,11,08,9,4,11,19
2021,11,08,9,4,37,915
2021,11,08,9,5,6,643
2021,11,08,9,5,33,961
2021,11,08,9,6,2,323
2021,11,08,9,6,30,482
2021,11,08,9,6,58,639
2021,11,08,9,7,26,362
2021,11,08,9,7,54,460
2021,11,08,9,8,22,483
2021,11,08,9,8,49,531
2021,11,08,9,9,18,319
2021,11,08,9,9,46,86
2021,11,08,9,10,14,482
2021,11,08,9,10,41,755
2021,11,08,9,11,10,923
2021,11,08,9,11,40,500
2021,11,08,9,12,9,131
2021,11,08,9,12,38,239
2021,11,08,9,13,8,6
2021,11,08,9,13,36,723
2021,11,08,9,14,5,517
2021,11,08,9,14,34,603
2021,11,08,9,15,2,827
2021,11,08,9,15,32,562
2021,11,08,9,16,2,3
2021,11,08,9,16,30,11
2021,11,08,9,16,59,103
2021,11,08,9,17,28,267
2021,11,08,9,17,57,715
2021,11,08,9,18,26,762
2021,11,08,9,18,56,83
2021,11,08,9,19,23,951
2021,11,08,9,19,53,683
2021,11,08,9,20,23,119
2021,11,08,9,20,51,919
2021,11,08,9,21,19,657
2021,11,08,9,21,50,159
2021,11,08,9,22,18,647
2021,11,08,9,22,46,939
2021,11,08,9,23,16,279
2021,11,08,9,23,46,154
2021,11,08,9,24,14,523
2021,11,08,9,24,44,242
2021,11,08,9,25,13,42
2021,11,08,9,25,41,843
2021,11,08,9,26,11,39
2021,11,08,9,26,39,688
2021,11,08,9,27,8,771
2021,11,08,9,27,38,323
2021,11,08,9,28,7,123
2021,11,08,9,28,35,919
2021,11,08,9,29,5,446
2021,11,08,9,29,34,162
2021,11,08,9,30,2,491
2021,11,08,9,30,32,403
2021,11,08,9,31,0,659
2021,11,08,9,31,30,86
2021,11,08,9,31,59,443
2021,11,08,9,32,28,95
2021,11,08,9,32,56,211
2021,11,08,9,33,26,395
2021,11,08,9,33,55,279
2021,11,08,9,34,25,511
2021,11,08,9,34,53,523
2021,11,08,9,35,22,323
2021,11,08,9,35,51,761
2021,11,08,9,36,20,562
2021,11,08,9,36,48,254
2021,11,08,9,37,18,803
2021,11,08,9,37,46,475
2021,11,08,9,38,15,579
2021,11,08,9,38,45,843
2021,11,08,9,39,13,755
2021,11,08,9,39,43,595
2021,11,08,9,40,12,767
2021,11,08,9,40,40,999
2021,11,08,9,41,10,11
2021,11,08,9,41,39,931
2021,11,08,9,42,8,722
2021,11,08,9,42,37,371
2021,11,08,9,43,6,971
2021,11,08,9,43,35,234
2021,11,08,9,44,3,851
2021,11,08,9,44,33,634
2021,11,08,9,45,2,247
2021,11,08,9,45,30,891
2021,11,08,9,46,0,75
2021,11,08,9,46,29,843
2021,11,08,9,46,58,642
2021,11,08,9,47,28,82
2021,11,08,9,47,56,615
2021,11,08,9,48,25,770
2021,11,08,9,48,54,895
2021,11,08,9,49,22,971
2021,11,08,9,49,52,734
2021,11,08,9,50,22,250
2021,11,08,9,50,50,331
2021,11,08,9,51,19,299
2021,11,08,9,51,48,423
2021,11,08,9,52,17,999
2021,11,08,9,52,46,651
2021,11,08,9,53,15,671
2021,11,08,9,53,44,27
2021,11,08,9,54,13,914
2021,11,08,9,54,42,971
2021,11,08,9,55,11,962
2021,11,08,9,55,41,607
2021,11,08,9,56,10,178
2021,11,08,9,56,39,291
2021,11,08,9,57,7,919
2021,11,08,9,57,36,795
2021,11,08,9,58,6,159
2021,11,08,9,58,34,411
2021,11,08,9,59,3,935
2021,11,08,9,59,32,183
2021,11,08,10,0,1,18
