1234
1843
1900
2489
2498
1218
1221
1221
1862
1035
1858
1856
2499
1848
1207
569
1207
1221
1848
1832
2472
1835
3113
2472
3115
1216
1852
1219
2486
1862
2491
2499
3132
1208
1200
1207
1848
1853
1849
2489
2494
2490
1190
551
1194
1835
1831
1836
2492
2488
1222
568
1217
1210
1862
1208
1665
1847
2499
573
1208
569
1848
1208
1843
1832
2473
2474
3112
2471
1218
1220
1222
1850
1857
1857
2498
2500
2503
1210
1218
1855
1849
1849
2490
2486
2488
1190
1188
548
1833
1193
1832
1851
2487
568
1218
569
1856
1211
1873
1849
2496
1851
1212
566
1209
1209
1208
1830
1837
1832
2473
2469
3096
1219
1219
1216
1858
1861
1861
2496
2497
2500
1209
1210
1848
1846
1834
2490
2489
2490
1197
554
1193
1833
1831
1844
2489
2488
1219
1225
1222
1859
1860
1859
2500
2497
2502
1209
568
1213
1208
1849
1830
2474
1836
3114
2472
3111
1215
1221
1216
1860
1856
1861
2498
3120
2503
1207
645
1850
1849
1851
2488
2489
2486
1194
1830
1197
1834
1833
1831
2489
2490
1216
1856
1862
1858
1857
1869
2498
2481
2500
568
570
570
1210
1207
1850
1831
1830
2476
2472
2473
1231
1217
1219
1860
1861
1860
2496
2497
2497
1209
1210
1850
1208
1847
2489
1852
2488
1196
1198
1190
1834
1862
1190
2490
2485
2489
1211
573
1860
1208
1859
1852
2499
2499
569
566
566
1846
1214
1849
1837
2473
2476
3114
2476
1219
1216
1216
1858
1219
1859
2478
2499
2504
1208
1209
1846
1850
1846
2489
2487
1923
1193
1193
1196
1833
1833
1834
2488
2488
2493
572
1220
1212
1858
1209
2496
2496
2498
567
565
572
1206
1212
1207
1831
1831
3113
2469
3116
1202
1217
1221
1858
1853
1858
1219
3112
1834
1847
1849
1859
568
2481
1832
2486
1850
1209
3129
1216
3113
1833
1853
568
1859
567
2484
1835
1193
1848
1210
2102
1861
1219
1831
1209
566
2500
1857
2489
1832
1198
2488
1843
2498
1858
1222
3115
1209
1210
1852
1858
566
1837
554
2491
1849
1209
2490
1218
3113
1835
1850
2500
1856
1218
2488
1834
2486
1849
1210
2497
1218
2474
2474
1209
1206
1206
1218
1848
1836
554
1848
645
2498
2497
1216
2473
1209
1212
1849
1860
2488
1831
1190
2492
1850
2502
2488
1218
3118
1212
1209
1849
1857
1219
1830
1197
2489
1847
1209
1862
1202
2473
2471
1210
2497
1209
1219
2489
1846
2491
1848
1209
2501
1871
2477
2480
1208
1209
1208
1219
1850
1834
516
1848
1213
2497
1857
1222
2471
1211
1208
1849
1856
2491
1833
1203
2490
1847
2505
1857
1220
2472
2472
569
2500
1211
1219
1837
519
2490
1850
1210
1859
1849
2477
2474
1209
2496
1208
1219
2487
1843
2499
1851
1209
2498
1860
2480
1837
1209
568
2497
1220
2495
1837
1193
1853
1208
3129
1861
1848
1833
1846
566
2493
1197
2490
1833
1197
2489
1852
3131
1862
1850
2474
2471
568
2497
1858
1220
2490
1193
2487
1847
1210
2099
1224
3116
1830
1846
567
1860
572
2491
1833
2488
1848
1209
3128
1859
3122
1837
1851
571
2502
568
2486
1837
1190
2489
1210
2499
1857
1219
2475
1224
567
2496
1850
1219
1837
1194
2500
1849
2496
1860
1220
3113
1833
1210
1846
1859
568
2488
556
3128
1850
1207
2502
1219
3113
1836
1209
571
1863
570
1194
1849
1859
1831
2497
1219
1197
1208
1220
1847
1851
2491
2488
2499
1857
1208
1859
1837
2492
2100
2472
1209
2492
1835
1849
1857
1839
570
1219
1191
1209
1862
2482
1848
2487
2490
1210
1216
1209
1856
1848
2503
3770
2471
1210
1860
1830
1848
1861
2471
570
1218
1196
1846
1856
1835
2499
2490
1197
1210
1217
1208
2498
2489
2492
2497
1217
1848
1210
1836
1845
2499
3114
568
1222
1835
1849
2488
1830
1207
1220
1196
1213
1218
2473
2497
2492
2489
1208
1217
1209
1867
2490
2503
2502
2477
569
1860
1834
1847
1857
2473
1209
569
1197
1849
1859
2471
1849
2490
552
1209
1853
1211
2503
2491
2493
3152
1221
1846
1211
1835
1848
2500
3112
568
1220
1835
1851
1863
1837
566
1218
1193
1209
1216
1838
2502
2488
2488
1210
1218
1852
1213
1834
2490
2498
3114
567
1861
1192
1853
2489
2477
1208
566
1193
1849
1856
1831
2502
2489
1191
1210
1240
1851
1846
1853
2490
2505
1847
1210
1863
1837
1852
3129
2473
1206
570
1835
1848
1860
2473
1850
1219
1197
1210
1845
1834
2500
3133
2493
1207
1217
1209
2503
1831
2490
2499
2473
569
1219
1836
1848
1859
2472
571
1220
1196
1209
1860
1833
2499
1847
1190
1210
1224
1849
2499
2490
2493
2501
2476
1208
1209
1829
1848
2521
2476
566
1223
1830
1849
1862
1837
2498
570
1198
1207
1219
2474
1850
2493
2488
1209
1850
1213
1861
1836
2489
1220
570
2486
1207
2473
2499
1197
2498
1833
1221
2487
1857
1211
1853
1847
3115
1851
1834
3127
1831
1857
2490
1860
1848
2489
1849
1216
2496
1846
1210
2470
1206
1192
1859
1209
1216
1850
1219
1211
1811
1201
3116
1210
1193
2497
1213
1219
2489
1221
567
2487
1208
2479
2500
538
2499
2472
574
2488
2490
569
2491
1847
2460
2501
1834
2497
2475
1859
2488
1858
1213
572
1849
1216
1849
1831
1210
1823
1880
1193
2497
1208
1220
1847
1233
1211
2489
644
3111
2484
1832
2497
2476
1230
2487
1860
569
2491
1851
2475
2500
1194
2498
2472
1207
2489
2487
1210
2487
1850
1217
2501
1831
1208
2470
1856
1195
1857
1211
1221
1847
1221
569
1837
1210
2471
1858
1194
2498
1846
1217
2487
1218
569
2489
1217
3111
1848
1200
2501
1835
1221
2494
1856
567
1851
1849
3117
1850
1837
3129
1838
1860
2489
1865
1850
2490
1848
1219
2499
1837
1210
1831
1857
1193
1860
1210
1217
1848
1220
1209
1195
1208
3127
1209
2486
2488
1212
1220
2487
1218
1209
2487
1208
3111
2500
1195
2503
1835
1219
2492
2489
569
2488
1852
2472
2498
1835
2506
2471
2496
2491
1859
1849
1850
1845
1834
1849
1835
1208
1831
1858
1195
1862
1845
1224
1848
1218
568
1835
1208
3123
1207
1193
2499
1210
1221
2487
1220
2500
2487
2470
1220
1212
1209
1831
1857
2497
1194
1219
1857
1847
1831
2490
3130
569
1195
1848
1851
2491
3114
566
1210
1847
1836
1858
2499
1197
1217
1859
1849
2473
2488
2497
1203
548
1858
2500
2487
2472
1220
1209
1207
1831
2499
1849
1191
1848
1856
1849
1831
2488
2497
567
1191
2487
1853
2489
3110
1217
1206
1213
1837
1860
1849
1198
1217
1207
1847
2477
2488
2505
1220
1193
1223
2501
2486
2478
1220
1211
1207
1832
1857
2499
1197
1217
1858
1847
1836
2487
2502
563
1197
2486
1847
2486
3116
1217
1212
1210
1833
1856
1853
1193
1221
1210
1850
2473
2492
2496
1209
1197
1849
2497
2489
2471
1230
1209
1207
1831
1861
569
1191
1220
1859
1847
1834
2487
3125
568
1191
2488
1847
2490
3115
1217
1209
1207
1836
1857
1852
1184
1220
1207
1849
2473
2488
2499
1207
1195
1859
2499
2488
2474
1222
1210
1210
1831
2494
2500
1193
1217
1858
1847
1836
2488
3127
589
1199
1847
1850
2489
3111
1218
1211
1847
1831
1859
2502
1183
1211
1211
1848
3112
2483
2501
1211
557
1219
2501
2487
2471
1217
1209
1208
1838
1860
2499
1194
1217
1857
1850
1843
2488
3128
566
1197
1848
3137
2470
2475
1223
1206
569
1847
1849
2487
1834
1196
3113
1839
1218
2490
1866
1858
2498
1850
1206
1207
1845
1835
2489
2475
1194
2478
2487
1860
1219
1859
1860
2499
2498
1210
562
1851
1848
1191
1832
1838
3113
1850
1218
1858
2487
1211
2498
1839
1210
570
2488
1211
1191
2478
1832
2474
2483
1217
1222
1859
1210
1209
2501
1848
566
2491
1211
1192
2472
1835
2460
2488
2488
567
2497
1858
1209
1851
1849
1209
2491
1208
1194
1838
1833
1218
2487
1857
1223
2498
1209
1217
2495
1848
566
2484
1855
1193
2471
1831
1217
2487
1855
1219
2098
1857
1211
1847
1847
1850
2488
1831
1195
2475
1832
1232
2488
1860
1220
2499
1850
1209
1210
1847
1210
2488
2470
1195
2481
1837
1220
2489
1855
567
2497
2499
1208
567
1849
1847
2487
1836
1196
2477
1831
1217
2488
1859
1858
2493
1852
1207
1210
1851
1219
2490
2474
1196
2477
1833
1847
568
1858
1858
3124
2500
1207
570
1848
1207
2484
1834
1191
3114
1852
1218
1220
2488
1205
2499
2497
1207
568
1848
1209
2490
1832
1836
2472
2487
1219
569
2484
1857
2498
1850
1212
1209
1847
1207
1194
2476
1836
2478
1197
1210
1837
2499
2501
563
1218
1831
2478
2491
572
1209
1860
1857
2509
2473
1197
1207
1847
2494
3130
566
1219
1838
2471
2485
569
1211
1863
1857
2487
2475
2489
1207
1210
1863
1857
1847
2476
1195
1847
1850
2483
2498
567
1219
1834
2471
2488
570
1207
1858
1860
3128
3112
558
1211
1848
2500
2499
1217
1220
1834
1832
2486
1208
1207
1210
1860
2487
3115
1192
1207
1850
1848
2497
1220
1217
1192
1211
1847
1207
3108
1218
1214
1835
1837
2487
1207
1207
1208
1859
2489
3115
1196
1227
1848
2500
2499
1217
1217
1831
1832
2488
1204
1209
1207
1860
2494
3107
1195
1207
1847
1847
2497
1217
1851
1831
1833
2498
567
1208
1860
1857
2490
2472
1192
1847
1208
1207
1862
2487
3118
1195
1212
1847
2500
2504
1219
1221
1195
1832
2487
1207
1208
1862
1857
2491
2471
1193
1856
1848
1847
2498
1217
1847
1832
1832
2488
1209
1207
1856
1857
2487
2476
1192
1849
1847
1847
2497
1220
1217
1831
1848
1851
1848
2498
1219
1848
1832
1835
2489
568
1208
1859
1861
1849
1835
1207
2480
2472
1207
567
1834
1869
1222
2475
1850
1213
2471
1850
1218
2476
1847
1857
3116
1851
1213
2476
2488
1858
1847
2488
1207
1217
2490
2497
809
2488
2497
1217
1195
2498
1861
1196
2501
1857
1195
568
1857
1198
1211
2489
1838
570
2497
1837
567
2498
1831
1849
2497
1195
1209
2498
2480
1849
1191
2488
1209
1209
2487
2484
1207
2488
1836
1207
1217
1833
1849
1217
1831
1855
568
2464
1849
1218
3114
1848
1858
2471
2488
1861
2474
2488
1861
1218
2487
1211
1217
2488
2499
1217
555
1853
1220
1191
2499
2488
1196
568
1857
1195
1207
1854
1831
1210
1860
1196
555
2494
1834
1848
2486
1835
1848
2498
1847
1207
2499
2491
1847
1848
2487
1835
1207
2487
2475
1212
1221
1823
1207
1218
1833
1848
1218
3111
1847
572
2475
1852
1858
3113
1847
1208
2472
2487
1861
3115
2486
1857
1221
2485
2497
1219
2488
2500
1219
1191
1850
1219
1195
2498
1859
552
567
1460
1192
1211
2478
1832
567
2504
2488
1218
1207
1861
2488
1218
1207
1213
1847
2488
569
1219
1847
1835
2497
3111
1211
1832
1847
2472
2497
1191
1858
1209
2497
1198
1857
1847
2491
2487
570
1213
1857
2488
2483
1207
1220
1847
2490
581
3111
1211
1833
1850
2475
1208
1835
2498
2476
3127
551
1210
1832
2498
2491
1234
1207
1857
2491
1221
1848
1217
1847
1848
572
1220
1850
2479
2501
3113
1207
1832
2500
2472
1208
1194
1857
1834
2503
1195
1858
2475
1859
2490
569
1210
1861
2489
2487
569
1219
1847
2487
1207
1863
1204
1831
2497
2472
1209
1834
2497
1833
2497
1192
1857
2478
2100
555
567
1211
1859
2487
1217
1850
1449
1848
2490
570
1218
1856
2487
568
2471
1208
1831
2501
3111
1203
1834
1857
1835
2497
1192
1863
1832
1861
2491
1217
1851
2488
2483
570
567
1221
1847
2490
1207
1850
1850
1831
2501
2475
1207
1835
1847
2475
2498
1192
1860
2475
3127
1195
568
1207
1858
1211
1195
2489
1859
1208
2473
2487
1848
1191
2487
1860
1847
3115
1857
1847
1178
2487
1207
1210
2466
1858
1847
1191
2488
1860
1216
2475
1857
1852
1192
2487
2500
1851
3113
1867
1848
1198
2488
2498
569
2471
1859
1848
552
1847
1847
1211
2477
1857
1847
1195
2488
2497
1211
2471
2101
1847
1195
2483
2500
1847
3111
3129
1846
1195
2487
1848
1209
2475
2498
1849
1203
2490
1847
1201
2474
2497
1847
1191
1217
1847
1207
2479
2498
1847
1195
1219
2498
1851
3115
3127
1847
1195
1217
2501
1212
2477
2497
1849
1195
570
1847
1207
1218
2499
1848
1197
1217
2497
1847
1851
3131
1285
1191
1217
2496
1207
1217
2497
1845
1830
567
1848
1210
1217
2498
1847
1835
1220
2497
1850
1219
2499
1850
1835
1217
2497
1847
1218
2511
1848
1195
1217
1849
1837
1219
2489
1847
1831
1218
2497
1835
1220
3127
1848
1835
1218
1861
2500
2497
1209
1847
1850
2472
3111
1847
1220
1861
2500
2097
1211
1847
2488
2487
1191
1835
2487
2487
1221
1856
1217
2498
1207
1848
1847
2471
2473
1218
1217
1857
2497
2518
1207
1847
2489
2491
1183
1835
2487
2489
1217
1857
1857
2489
567
1208
1207
1835
2475
1218
1220
1857
2497
2496
1211
1848
2488
2487
555
1195
2488
2487
571
1208
1857
2497
566
1208
1207
1835
3115
1218
1217
1859
2498
2498
1207
1847
2487
2487
1207
1835
2488
2487
1219
1857
1858
2497
1211
1849
1850
2475
3111
1848
1849
2487
3127
3127
1208
1846
2489
2492
1195
1835
2487
2486
1220
1861
1858
2501
1208
1847
1847
2471
3114
1847
1847
1860
2498
2498
1207
1851
2488
2487
1195
1831
2488
2487
1217
1857
1857
2498
1207
1848
1208
1835
2470
1215
1216
1858
2497
2498
1206
1847
2501
2488
1197
2488
1846
1839
1211
2498
1859
1217
3115
3115
2471
1856
1208
2500
1857
1857
1211
2487
1835
1196
2490
2489
1851
1210
2497
2494
2487
1848
3115
1855
1207
566
563
1847
1207
386
2487
1837
1835
1192
2489
1847
1208
2499
2498
2487
1218
3115
2475
1850
1847
1211
2497
1857
1219
2491
2487
1835
1195
2490
1847
1850
1207
2500
1862
3116
3115
2477
2475
1847
1211
2497
1859
1217
1857
2487
1836
1191
2489
1856
1848
1208
2498
1857
1218
2475
2475
1831
1208
571
1850
1207
1207
567
676
1835
1191
569
568
2487
1850
1208
2488
1849
1848
1195
2475
1847
1207
2485
2453
1861
1221
3127
2475
1831
1835
1207
2489
1839
436
1221
2491
1847
1195
2475
1847
1207
1210
2494
1857
1216
2488
1831
1834
1195
2487
1860
1207
568
1207
2488
1842
1847
2498
1221
2473
1848
2497
2475
1207
1210
1217
1835
1851
2443
2473
1209
569
564
913
2453
1217
1163
2498
1220
671
1211
863
2475
1209
1039
1848
2475
567
583
2475
1207
1858
2863
2488
2496
1217
1835
631
566
1119
1850
2501
557
631
1851
1277
1835
2499
1221
1832
1848
2497
2476
1211
2497
2487
1191
748
568
1271
1847
2498
2472
1207
1281
771
1023
2494
1217
2476
2493
566
1183
2488
1208
1271
1195
1271
2487
1195
631
2501
2474
1208
2496
2487
1194
1833
1217
1835
1847
2499
2488
1210
1851
2492
1190
1199
1861
2476
2488
1208
1276
1210
983
2443
1191
855
1862
2475
2487
1200
1271
1211
1195
2496
1195
233
2487
1194
775
1859
627
1207
631
2488
551
1834
567
772
1848
567
763
2497
1835
558
1835
1215
1192
1195
2475
1195
1834
1035
1195
782
565
556
1270
2497
1831
1833
1191
840
2472
2497
1835
557
1191
1102
3115
2501
1833
1087
1202
1065
2475
715
2474
875
1590
1270
841
1210
1271
2002
2491
1851
532
1211
1270
2488
1848
767
1270
2489
1848
2895
3128
2489
1854
738
1848
1271
577
718
1847
415
1270
511
2487
1847
1823
1209
1753
1167
2487
510
1219
907
2487
2487
1859
1447
1858
1271
1219
627
2491
1850
895
1835
1267
1195
1273
1852
2497
2475
681
1834
1282
1187
637
1826
1281
1274
2496
1835
716
1835
1271
1197
1195
1194
1271
1834
1850
2619
1210
631
483
2070
2497
1832
899
2475
1853
731
1847
1268
1209
1044
1210
878
1268
1114
1208
688
672
1210
2623
1850
511
3137
1183
1207
2593
2471
489
1211
1345
552
1211
402
968
970
1195
1258
1758
1206
238
641
1153
1835
641
558
1267
3032
1847
1271
1850
1281
955
1195
1205
1305
1834
1183
1123
1836
1281
1207
631
2792
1281
2499
812
1860
1271
1267
1218
415
2473
2487
225
1831
1274
1271
1209
425
408
1263
1209
1857
943
1196
1184
1271
1834
1764
2499
911
1848
709
1219
1104
753
1271
517
3126
2488
1271
1861
1271
1835
1270
1281
1847
1179
1207
1271
1273
1858
1271
2592
1859
415
1198
1272
1278
1212
1268
1006
1847
1268
1207
543
1271
1857
575
1195
552
555
1839
422
1847
860
2475
759
830
2872
747
1211
2474
1271
2487
1271
1195
784
641
866
1281
1287
1208
671
704
449
542
1274
1057
863
999
751
834
943
2074
2593
1859
868
554
832
1851
832
910
473
1270
1281
1283
1271
631
1271
232
1102
970
568
1279
831
562
1199
1271
991
1183
478
1271
1283
2496
1267
1271
1267
2504
1217
644
581
1263
971
1194
631
631
627
282
1271
1010
2232
631
567
2075
1271
1832
1847
2639
925
1210
550
641
623
637
1185
789
1275
1371
1823
1009
1208
1045
1270
553
648
767
863
1280
1271
639
229
1271
795
640
1129
2614
1208
677
700
747
434
241
511
641
799
1278
481
932
2106
795
955
1270
2154
2475
1280
1209
1279
555
1282
777
1271
1231
865
1267
991
1185
811
1208
2201
739
336
2105
968
1271
1235
673
1340
1823
2954
1849
815
637
1003
1281
2479
2495
2490
1271
839
1271
545
1269
907
688
761
1277
641
2595
904
623
1271
543
611
1147
417
631
632
1278
1279
969
946
628
1185
1269
1197
240
630
704
656
1279
1263
2485
1272
1219
2433
2463
633
2491
1268
638
1274
796
832
2531
941
2489
867
1267
544
1271
968
872
927
799
1281
1227
777
264
793
1823
875
1195
1199
638
631
1283
629
1284
2737
859
563
1269
1119
630
631
875
795
539
631
992
943
1273
632
530
902
229
1279
1046
380
629
767
1340
2327
1133
545
751
1197
1279
459
1269
865
1281
519
323
1277
511
1273
994
462
853
1273
912
1174
630
830
1283
1759
939
812
1280
842
767
954
1270
1268
1038
2764
487
1268
1149
834
554
411
914
787
1269
1269
493
2409
879
1200
704
1153
227
885
2615
953
1197
850
1149
923
476
2104
857
1267
1281
2163
849
1271
638
477
892
629
1270
1273
1268
1283
633
1227
1270
1921
547
1268
1280
1054
588
1266
1283
1033
861
1281
911
1157
549
630
2138
1270
1272
1198
642
704
1278
958
557
767
1276
1273
632
629
351
706
235
633
898
477
1005
715
1268
642
557
639
1269
896
781
447
1824
571
634
926
1922
958
1270
240
1264
702
642
1186
1249
1040
1003
574
509
897
1269
542
1269
2684
541
1260
638
707
229
1280
1021
867
541
1279
1103
1180
783
825
270
1270
246
1205
1267
1195
567
556
477
1062
2790
1270
1080
2274
1279
989
739
2961
1242
1083
629
2655
1215
569
626
232
1269
1280
636
447
492
1280
1101
471
866
1269
888
1147
1010
1181
883
1187
629
1285
987
935
1280
2561
792
1128
765
2094
510
1269
930
1279
633
1273
1053
1273
952
810
914
1117
909
628
1270
1280
873
1023
740
1267
630
633
546
630
461
628
2454
1194
1268
2708
2109
717
1273
1762
1272
1270
640
1270
1109
1280
475
2743
1909
878
1117
757
1316
1101
1285
1269
781
1272
1798
711
1010
546
710
957
1276
1270
640
898
540
871
302
1258
552
620
2164
769
1273
780
562
1006
2054
302
750
1186
785
461
1272
557
632
549
458
1014
232
