4098
2955
1425
2421
8061
2430
3410
1448
6970
1120
2116
3095
4092
1125
9125
3103
4100
2776
1228
6956
1301
6503
2766
1237
9221
1232
9231
3208
1152
6671
2866
1319
2331
3328
4325
1338
9335
3327
4308
2968
1423
6993
1290
6492
2789
1256
7034
1379
6325
2473
3470
1461
9459
3436
6622
2883
1354
2351
3348
4345
1372
7340
1554
7313
3017
1503
9485
3477
2427
3438
1461
6631
3038
1509
6825
1042
2117
3113
1023
2563
3561
1330
7154
1386
9385
3379
1017
9000
897
8900
2890
866
6692
2893
1361
2356
3354
4332
1360
10080
4071
927
9901
3908
698
9356
3348
8007
2209
696
8680
2674
3669
1450
2463
3461
893
8894
2885
6694
3086
1555
6771
1130
2126
6850
1225
6346
2720
1189
6757
940
8938
2929
984
8983
2993
1304
9689
3680
2516
1033
9031
3009
4003
7495
1838
2836
3815
1374
9356
3348
4329
1087
9085
3079
1102
6624
2790
1259
9241
946
8944
2936
3914
1231
9229
3219
4197
1131
9128
3122
744
8724
2714
3710
1459
3732
2202
3213
4208
1719
7704
1918
2932
3909
1437
6269
2422
890
8888
2863
5875
2056
3034
4028
1555
2550
3529
1021
6719
2871
1344
9344
1147
6715
2897
1365
2361
3356
4353
1366
2345
3340
4316
1360
2359
3355
4352
1380
5991
2173
3167
1222
9207
1010
6244
2508
3504
1509
2503
3482
974
8975
2952
3949
1330
9328
3337
1361
2355
3350
891
8875
2867
6723
3116
1587
2617
1054
9054
3045
1274
9275
3269
1483
9484
1062
9078
3070
1268
6660
2841
1309
6683
833
8830
2821
7619
1962
2958
3935
1476
9456
3448
4445
1216
7009
3206
1676
6828
3029
1500
6044
2227
3220
1241
7000
3245
1714
2711
3705
1198
2191
5936
2169
3181
1185
2179
7443
1836
6955
1028
6467
2664
1134
9116
3107
872
8868
2843
7182
1523
6739
1097
6441
2720
1172
6644
3065
1533
9533
3526
1420
9405
3398
6679
2928
1395
6562
2744
1245
6765
982
6279
2463
3457
1494
7160
1311
9325
3316
1275
2477
3473
1431
9413
3403
4401
1192
2172
3167
4162
1147
9130
3124
6263
2639
1108
9111
3104
1349
2346
3327
4323
1033
2030
7380
1704
2702
3682
1239
6410
2624
3620
1625
2623
3616
1097
6523
2723
1194
6701
900
2630
1037
6539
2739
1207
9190
3181
787
8771
2761
8090
2467
935
8936
2929
7492
1851
2848
3829
1357
7068
1382
9366
3359
1270
9269
3260
1523
6965
1134
6544
2694
1164
6591
2742
1211
9193
3186
4181
1212
2193
3187
6597
2988
1475
6979
1162
6060
1714
2711
3705
1230
5889
2089
3070
1096
6842
945
6180
2344
815
6193
2375
3372
1392
6547
2107
3086
4083
1623
2618
3613
1072
2084
6324
2697
1166
9150
3141
4126
884
6499
2699
3693
1698
2695
3692
1184
9168
3159
906
8908
2902
3882
2786
1250
9233
1114
9095
3087
1123
6403
2603
1071
6609
840
5992
2238
709
8691
2697
3693
1428
2423
3420
896
8879
2872
6041
2289
3302
1307
6686
1029
6246
2429
3426
1447
2445
6063
2260
3157
1046
9024
3013
1269
9290
3288
5935
2132
3124
1146
6535
2748
1202
2207
5256
1457
6005
2268
3264
1271
6728
3105
1576
5929
2145
3136
4130
1652
2644
3621
1112
5241
1361
2357
5813
2060
3054
1074
2071
5370
1567
2563
3542
1098
9081
945
8943
2934
5540
1719
2726
745
8725
2716
7400
1389
2382
3373
1138
6529
2725
1192
6886
1243
5674
1922
2915
3895
1466
2462
3440
6240
2614
1097
4905
1262
2256
3249
4231
1228
6861
1062
6629
845
8824
2817
7423
1623
2617
3613
1156
6834
3097
1552
2682
1117
9130
3130
1143
9155
3152
4155
2902
1362
2366
6532
879
6005
2273
732
8736
2729
3727
1289
6334
2520
991
6402
2556
1026
6135
2337
3336
1358
6064
2298
3296
1337
9337
3316
6922
1185
9171
3181
1460
2460
3455
982
8967
2974
1238
9240
823
8834
2809
3806
1180
3432
4421
1428
2433
3435
918
6845
1050
6804
3072
1548
6002
2204
3203
1213
6677
2256
3238
1278
7170
1531
5343
1561
2559
5379
1595
2576
3575
1122
5733
2109
3107
1149
4849
3095
1582
6961
2795
1267
9461
3453
7936
2151
3151
4150
1680
2660
6121
2289
3287
1310
9329
3322
4321
1082
9358
3350
11351
1057
9122
3130
1696
7030
1246
6768
3031
1503
6673
941
8793
2774
3756
4738
1269
9291
1238
6792
2977
1449
6491
2703
1157
5831
2013
2988
1023
9003
2995
8500
2874
1343
9344
3334
1468
9465
3442
4438
3130
1598
9596
3571
2552
3563
1567
7326
1621
6486
2667
1135
5760
1431
2429
6813
1159
5767
2016
2994
3989
1555
2540
3508
2322
3309
1325
6088
2269
733
8729
2702
6925
1266
2242
7503
1495
6053
2235
722
6143
2339
3335
1356
9341
1111
10953
1254
2249
3245
4227
1258
9259
3235
2183
3178
1183
6098
2377
829
6333
2595
1062
9043
3037
4032
2659
3654
1594
9575
3568
2340
3333
1337
9335
3325
4305
1126
6118
2283
3274
1293
6719
2998
1468
6957
1125
6390
2570
1037
7020
2749
1227
9224
3222
2211
3214
1241
7121
1452
2452
3452
999
9005
2983
3982
4981
1534
2516
3513
1011
9012
2991
6884
1037
2036
3034
4017
5014
1582
2578
3575
1072
6784
1035
9037
3012
7496
1714
6751
1113
6746
1073
2071
5559
1264
4498
2712
1181
6395
2784
1251
9232
3225
5707
1888
2865
3861
1403
5052
1232
6289
2681
1132
6458
2706
3687
1724
7579
1907
2904
3898
1441
2435
10433
874
8872
2865
3861
1149
10444
4435
1258
9240
3233
1125
9123
3098
977
6404
2601
3594
4592
2135
3131
1074
9072
3065
1935
5360
1544
2540
3537
1368
9352
948
3893
2362
832
8829
2823
687
8669
2659
7748
2123
3117
1141
9139
3113
4107
1251
9251
3228
4226
1014
9015
3008
965
8965
2956
914
8897
2887
5580
1826
2823
3820
1379
6947
1274
2266
5020
1279
6238
2612
1081
9080
3069
4062
1682
7104
1240
9236
3227
8188
2530
3525
1565
6509
2690
1160
6853
1003
9000
2993
837
8817
2810
3788
1090
6612
2875
1343
2341
5571
1754
4750
966
8963
2954
3949
1441
2437
3432
4409
1424
2421
3431
920
8901
2892
3886
1381
2375
3372
864
8848
2839
3835
6957
1301
6869
1083
2077
3072
871
6231
2478
948
6020
2217
3214
1219
9200
3191
1387
7053
1268
6531
2683
1154
7072
2744
1230
9228
3218
2136
3131
1138
9137
3112
7530
1523
6980
1277
2275
3256
4251
1328
6209
2409
880
8878
2873
6124
2259
729
8728
2721
3719
1181
2179
3174
4168
5147
1695
2692
3674
1183
6558
2806
1276
9275
3268
4266
1774
2771
10756
2045
7708
1683
9682
3673
1037
2050
3047
4026
5020
1570
2564
3545
1056
5952
2153
3150
1154
9152
3146
4124
821
6215
2429
3410
1433
6011
2179
3174
4170
1695
2692
3674
1166
6765
2964
1435
6701
870
6648
2830
1281
6849
1066
9066
3057
4037
1258
6668
2850
1334
2346
6526
2771
1241
6505
2766
1220
6610
828
6713
1023
9020
2996
3990
2949
1417
6316
1892
2870
3867
1393
5857
2037
3048
4027
1585
2585
3561
1023
10014
4005
2872
1342
2336
3332
4326
1325
2337
3334
4310
1340
7195
1394
6034
2246
3242
1279
7006
1350
7207
1581
5263
1461
2438
6600
975
6113
2376
831
6080
2343
5787
2036
3033
4014
1572
2566
3561
1040
6526
2918
1387
9386
1267
10688
953
9270
3264
7858
1867
2863
3841
4835
1400
6629
2875
1329
7186
1419
6348
2724
1178
6268
2657
3653
1676
2654
7056
1287
6809
991
8972
2963
3957
1353
2349
3330
4323
1336
9349
3340
8877
3030
1500
9481
3488
1396
9396
3390
4367
1380
2376
7224
1598
9580
3571
1367
7174
1372
6428
2163
3159
4140
1699
2693
3689
1149
9147
3121
1966
2960
966
6952
1278
5534
1733
2729
3726
1267
2263
3240
4235
1236
9228
727
2315
3311
6143
2340
806
8788
2781
4608
2837
1307
7292
1491
2485
3465
4462
3154
1621
6325
1995
3001
3981
1508
4549
2795
1263
6511
2775
3769
1775
2772
3768
1243
9245
3237
1801
2797
3777
1352
9635
3624
8980
2971
8439
2652
1101
6346
2525
3516
1536
2531
3525
983
8962
2953
3944
6106
2366
832
8829
2822
6148
2536
986
6282
2481
3458
1476
6053
2187
3197
1234
9422
3397
8995
2987
8680
2669
931
8927
2917
10913
1692
2690
3669
1224
6854
1023
9020
2996
986
6919
1037
9035
3012
6595
2986
1424
2449
3442
950
8949
2939
7597
2002
2996
3975
1483
2477
3457
950
8945
2938
3915
2896
1365
6438
2701
1156
6499
2698
3692
1714
2693
3687
1181
7051
1265
2245
3240
4218
1294
9297
3275
6209
2588
3586
1610
2610
3610
1093
9094
1089
9074
3067
8320
2699
1168
9172
3166
11153
1565
9552
3544
1331
2345
3344
4326
1356
6510
2662
1132
9181
3176
7259
1475
6024
2223
3203
1224
9239
3233
8005
2203
704
8706
2731
1234
2229
3224
4202
1216
6945
1175
6506
2880
1349
9350
3344
4322
3113
1583
9582
3573
7432
1615
6799
3077
1545
2542
8238
2584
3578
1583
9570
1564
2559
3555
4532
1596
3056
1477
2457
3454
996
8979
2973
818
8817
2808
5753
1967
2961
5781
1990
3005
1028
9010
3004
3982
2835
1306
2332
3327
4307
1291
2285
3280
4275
1289
9289
3266
4262
1291
2286
3280
4276
1275
9259
3252
715
6299
2497
3491
1511
2508
3487
982
5958
2139
3152
1159
6663
2927
1398
2391
3388
897
8897
2891
6684
3092
1560
4426
2864
1315
2345
3325
4326
1351
2330
3326
4307
1352
2346
3341
4337
1353
2364
3342
852
8851
2841
5850
2080
10078
4071
1932
2926
3907
1400
9384
3374
2290
3301
1321
6923
1267
6485
2621
1089
6352
2600
1054
9054
3045
4024
1167
2160
3154
4149
5142
1674
2650
6969
1313
6657
1014
5765
1977
2972
3950
1489
2483
3477
968
5191
1375
2368
6687
1029
9028
3004
1666
6145
2392
3369
1407
2387
6213
2554
3547
1550
2547
5012
1241
5896
2144
3152
1188
5042
1291
6250
2622
3632
1654
7143
1482
6568
2704
1173
2186
5354
1535
6414
2789
1257
9240
3233
1335
2491
929
6304
2469
3466
1485
2498
3492
954
6601
2880
1351
2347
3341
4318
1366
9363
3358
4339
3240
1708
2703
3699
1178
9176
3167
4144
2742
1212
6909
1078
6313
2512
978
6354
2534
1019
6460
2624
1093
6435
2647
3657
1647
2643
3619
1130
9129
3102
7581
1733
2728
3722
1250
2246
7400
1774
6940
1267
6325
2570
1039
6366
1941
2938
3931
1458
2453
3447
941
8926
2914
7364
1690
9689
3679
1043
9024
3017
4010
6956
1284
9280
1128
2121
5036
1219
6418
2681
1151
6669
903
1944
2922
768
8765
2740
3735
1870
2847
3844
1383
6647
2827
1294
2290
3284
779
8775
2766
6736
950
1947
9944
978
1975
6886
1037
6861
2421
3415
1421
2433
3413
909
8890
2881
6564
2813
1280
6624
2888
1356
6846
1173
9154
3147
4141
2929
1397
7063
1280
2274
3253
4249
1296
2293
3289
4287
1316
9346
3338
2174
3170
1175
9172
3165
1827
9824
3799
1422
9419
3412
6838
1183
2179
6790
1164
9161
3136
1108
9508
3515
7149
1283
2294
5991
2189
3183
1187
7060
1322
9358
3331
1240
7191
2829
1313
9332
3325
1443
9441
3431
6314
2497
969
6424
2608
3585
1608
2604
3598
1092
7104
1433
5752
1966
2942
963
8944
811
9305
3314
6724
2941
1409
2406
3398
873
8870
2862
8414
2787
1251
6880
1097
9078
3068
4061
5039
1588
2581
3558
873
5690
1934
5725
2097
3093
1147
2139
3132
4127
1078
5097
1356
5134
1397
4581
2856
1323
6585
2976
1445
7123
1467
9464
3470
1218
6672
2871
1342
9338
3330
1222
2234
6028
2288
756
6307
2522
3518
1553
7279
1480
6601
2958
1427
6612
2808
1260
9261
3251
4229
1465
2461
3457
4452
1451
9450
3440
981
8979
2969
7003
2304
821
6310
2572
3551
1571
2583
3579
1042
9040
3030
4007
5004
1568
2563
3542
1035
9035
3026
7475
1485
9467
3459
1288
6888
1025
6628
2841
1294
6639
2885
1354
9354
1202
9202
3193
1181
9182
984
6362
2547
1017
6650
2898
1385
9367
3360
6867
1050
5674
1871
2868
3844
1387
2399
3380
860
8859
2852
3833
4829
1378
5811
2007
3001
3997
1521
7522
1867
2863
3843
1386
7244
1441
6707
3099
1568
9566
1384
9368
3359
1189
9186
3180
1471
7231
1365
2362
7099
1445
6630
975
6925
2755
1225
6811
1012
2052
3050
1022
2466
3479
1290
6618
2865
1335
9350
3340
2129
3121
4098
1576
9572
3561
4540
3120
1585
9582
3556
4551
3164
1615
9611
3601
2452
3446
1449
9431
3423
1158
6580
2827
1294
6448
2648
1101
6220
2480
3457
1496
7321
1536
9516
3509
2456
956
8936
2929
10926
1671
9671
3645
2545
3557
1547
5628
1814
2793
3790
1346
2340
3320
828
6653
2916
1388
5976
2159
3138
1175
9158
3149
4126
3092
1562
2556
3549
1012
7011
1097
2092
10073
4064
3043
1527
9510
3504
1060
9041
3032
4012
5006
1526
6485
2685
1136
6754
968
6410
2561
1029
