2021,11,05,20,12,37,911
2021,11,05,20,13,0,295
2021,11,05,20,13,22,55
2021,11,05,20,13,43,813
2021,11,05,20,14,11,347
2021,11,05,20,14,27,975
2021,11,05,20,14,50,373
2021,11,05,20,15,12,154
2021,11,05,20,15,40,180
2021,11,05,20,15,56,295
2021,11,05,20,16,18,71
2021,11,05,20,16,40,455
2021,11,05,20,17,2,215
2021,11,05,20,17,23,974
2021,11,05,20,17,52,74
2021,11,05,20,18,8,135
2021,11,05,20,18,30,535
2021,11,05,20,18,52,311
2021,11,05,20,19,14,59
2021,11,05,20,19,42,154
2021,11,05,20,19,58,231
2021,11,05,20,20,25,879
2021,11,05,20,20,42,375
2021,11,05,20,21,4,135
2021,11,05,20,21,32,995
2021,11,05,20,21,48,295
2021,11,05,20,22,17,674
2021,11,05,20,22,32,471
2021,11,05,20,22,54,215
2021,11,05,20,23,22,154
2021,11,05,20,23,38,391
2021,11,05,20,24,0,775
2021,11,05,20,24,22,535
2021,11,05,20,24,44,295
2021,11,05,20,25,6,695
2021,11,05,20,25,28,455
2021,11,05,20,25,56,555
2021,11,05,20,26,12,631
2021,11,05,20,26,34,379
2021,11,05,20,26,56,775
2021,11,05,20,27,18,551
2021,11,05,20,27,46,635
2021,11,05,20,28,2,699
2021,11,05,20,28,30,154
2021,11,05,20,28,46,858
2021,11,05,20,29,8,615
2021,11,05,20,29,36,715
2021,11,05,20,29,52,791
2021,11,05,20,30,20,59
2021,11,05,20,30,36,935
2021,11,05,20,30,58,727
2021,11,05,20,31,20,455
2021,11,05,20,31,49,515
2021,11,05,20,32,4,619
2021,11,05,20,32,32,447
2021,11,05,20,32,48,775
2021,11,05,20,33,10,535
2021,11,05,20,33,32,951
2021,11,05,20,33,54,699
2021,11,05,20,34,17,95
2021,11,05,20,34,38,868
2021,11,05,20,35,7,267
2021,11,05,20,35,23,15
2021,11,05,20,35,51,262
2021,11,05,20,36,7,178
2021,11,05,20,36,28,935
2021,11,05,20,36,57,672
2021,11,05,20,37,13,115
2021,11,05,20,37,34,854
2021,11,05,20,37,57,255
2021,11,05,20,38,19,31
2021,11,05,20,38,46,474
2021,11,05,20,39,3,175
2021,11,05,20,39,24,934
2021,11,05,20,39,52,913
2021,11,05,20,40,9,95
2021,11,05,20,40,32,75
2021,11,05,20,40,53,271
2021,11,05,20,41,15,15
2021,11,05,20,41,38,720
2021,11,05,20,41,59,191
2021,11,05,20,42,20,935
2021,11,05,20,42,49,347
2021,11,05,20,43,5,94
2021,11,05,20,43,32,615
2021,11,05,20,43,49,255
2021,11,05,20,44,11,15
2021,11,05,20,44,40,419
2021,11,05,20,44,55,178
2021,11,05,20,45,23,916
2021,11,05,20,45,39,351
2021,11,05,20,46,1,103
2021,11,05,20,46,29,17
2021,11,05,20,46,45,255
2021,11,05,20,47,7,31
2021,11,05,20,47,29,414
2021,11,05,20,47,51,178
2021,11,05,20,48,13,591
2021,11,05,20,48,35,334
2021,11,05,20,49,5,439
2021,11,05,20,49,19,507
2021,11,05,20,49,41,255
2021,11,05,20,50,11,919
2021,11,05,20,50,25,416
2021,11,05,20,50,47,191
2021,11,05,20,51,16,82
2021,11,05,20,51,31,335
2021,11,05,20,52,0,547
2021,11,05,20,52,15,494
2021,11,05,20,52,37,254
2021,11,05,20,53,5,443
2021,11,05,20,53,21,415
2021,11,05,20,53,43,818
2021,11,05,20,54,5,574
2021,11,05,20,54,27,349
2021,11,05,20,54,49,739
2021,11,05,20,55,11,499
2021,11,05,20,55,39,635
2021,11,05,20,55,55,655
2021,11,05,20,56,23,115
2021,11,05,20,56,39,828
2021,11,05,20,57,1,576
2021,11,05,20,57,29,30
2021,11,05,20,57,45,734
2021,11,05,20,58,7,511
2021,11,05,20,58,33,819
2021,11,05,20,58,51,654
2021,11,05,20,59,19,119
2021,11,05,20,59,35,815
2021,11,05,20,59,57,575
2021,11,05,21,0,25,603
2021,11,05,21,0,41,735
2021,11,05,21,1,9,939
2021,11,05,21,1,25,895
2021,11,05,21,1,47,671
2021,11,05,21,2,17,35
2021,11,05,21,2,31,815
2021,11,05,21,2,54,231
2021,11,05,21,3,22,818
2021,11,05,21,3,37,735
2021,11,05,21,4,0,151
2021,11,05,21,4,21,895
2021,11,05,21,4,50,659
2021,11,05,21,5,6,711
2021,11,05,21,5,27,831
2021,11,05,21,5,55,911
2021,11,05,21,6,11,979
2021,11,05,21,6,34,390
2021,11,05,21,6,56,135
2021,11,05,21,7,17,899
2021,11,05,21,7,46,961
2021,11,05,21,8,2,55
2021,11,05,21,8,23,815
2021,11,05,21,8,46,215
2021,11,05,21,9,14,955
2021,11,05,21,9,30,375
2021,11,05,21,9,52,132
2021,11,05,21,10,19,835
2021,11,05,21,10,36,295
2021,11,05,21,10,58,54
2021,11,05,21,11,26,102
2021,11,05,21,11,42,219
2021,11,05,21,12,11,267
2021,11,05,21,12,26,375
2021,11,05,21,12,48,148
2021,11,05,21,13,10,535
2021,11,05,21,13,38,646
2021,11,05,21,13,54,75
2021,11,05,21,14,16,455
2021,11,05,21,14,38,214
2021,11,05,21,15,8,350
2021,11,05,21,15,22,375
2021,11,05,21,15,44,139
2021,11,05,21,16,13,515
2021,11,05,21,16,28,311
2021,11,05,21,16,50,699
2021,11,05,21,17,12,455
2021,11,05,21,17,35,362
2021,11,05,21,17,56,615
2021,11,05,21,18,18,375
2021,11,05,21,18,40,791
2021,11,05,21,19,2,538
2021,11,05,21,19,31,274
2021,11,05,21,19,46,695
2021,11,05,21,20,8,483
2021,11,05,21,20,30,854
2021,11,05,21,20,52,615
2021,11,05,21,21,19,915
2021,11,05,21,21,36,775
2021,11,05,21,21,58,535
2021,11,05,21,22,26,835
2021,11,05,21,22,42,695
2021,11,05,21,23,9,587
2021,11,05,21,23,26,855
2021,11,05,21,23,48,631
2021,11,05,21,24,11,15
2021,11,05,21,24,32,778
2021,11,05,21,24,54,551
2021,11,05,21,25,16,935
2021,11,05,21,25,38,698
2021,11,05,21,26,6,555
2021,11,05,21,26,22,870
2021,11,05,21,26,44,615
2021,11,05,21,27,12,808
2021,11,05,21,27,28,791
2021,11,05,21,27,56,603
2021,11,05,21,28,12,967
2021,11,05,21,28,34,708
2021,11,05,21,28,57,95
2021,11,05,21,29,18,859
2021,11,05,21,29,41,270
2021,11,05,21,30,3,15
2021,11,05,21,30,24,775
2021,11,05,21,30,47,175
2021,11,05,21,31,8,951
2021,11,05,21,31,31,335
2021,11,05,21,31,53,95
2021,11,05,21,32,14,871
2021,11,05,21,32,37,255
2021,11,05,21,32,59,15
2021,11,05,21,33,26,91
2021,11,05,21,33,43,175
2021,11,05,21,34,4,935
2021,11,05,21,34,27,343
2021,11,05,21,34,55,523
2021,11,05,21,35,10,857
2021,11,05,21,35,38,435
2021,11,05,21,35,55,31
2021,11,05,21,36,17,419
2021,11,05,21,36,39,175
2021,11,05,21,37,0,935
2021,11,05,21,37,23,335
2021,11,05,21,37,45,95
2021,11,05,21,38,13,835
2021,11,05,21,38,29,271
2021,11,05,21,38,52,875
2021,11,05,21,39,13,415
2021,11,05,21,39,42,794
2021,11,05,21,39,57,579
2021,11,05,21,40,19,335
2021,11,05,21,40,41,95
2021,11,05,21,41,3,495
2021,11,05,21,41,25,255
2021,11,05,21,41,53,843
2021,11,05,21,42,9,431
2021,11,05,21,42,36,875
2021,11,05,21,42,53,579
2021,11,05,21,43,15,351
2021,11,05,21,43,38,955
2021,11,05,21,43,59,499
2021,11,05,21,44,27,83
2021,11,05,21,44,43,655
2021,11,05,21,45,5,415
2021,11,05,21,45,34,795
2021,11,05,21,45,49,591
2021,11,05,21,46,11,335
2021,11,05,21,46,40,715
2021,11,05,21,46,55,511
2021,11,05,21,47,25,601
2021,11,05,21,47,39,659
2021,11,05,21,48,1,416
2021,11,05,21,48,29,323
2021,11,05,21,48,46,219
2021,11,05,21,49,7,975
2021,11,05,21,49,35,403
2021,11,05,21,49,51,499
2021,11,05,21,50,19,687
2021,11,05,21,50,35,675
2021,11,05,21,51,3,756
2021,11,05,21,51,19,819
2021,11,05,21,51,41,579
2021,11,05,21,52,3,983
2021,11,05,21,52,25,733
2021,11,05,21,52,54,871
2021,11,05,21,53,9,911
2021,11,05,21,53,31,655
2021,11,05,21,53,54,55
2021,11,05,21,54,21,915
2021,11,05,21,54,38,215
2021,11,05,21,54,59,975
2021,11,05,21,55,27,767
2021,11,05,21,55,44,183
2021,11,05,21,56,5,895
2021,11,05,21,56,33,35
2021,11,05,21,56,50,71
2021,11,05,21,57,11,814
2021,11,05,21,57,34,215
2021,11,05,21,58,2,47
2021,11,05,21,58,18,375
2021,11,05,21,58,40,135
2021,11,05,21,59,1,899
2021,11,05,21,59,24,295
2021,11,05,21,59,46,55
2021,11,05,22,0,7,817
2021,11,05,22,0,35,82
2021,11,05,22,0,51,975
2021,11,05,22,1,14,375
2021,11,05,22,1,36,151
2021,11,05,22,1,57,901
2021,11,05,22,2,26,82
2021,11,05,22,2,42,55
2021,11,05,22,3,10,206
2021,11,05,22,3,26,215
2021,11,05,22,3,53,747
2021,11,05,22,4,10,391
2021,11,05,22,4,32,135
2021,11,05,22,5,0,947
2021,11,05,22,5,16,311
2021,11,05,22,5,38,231
2021,11,05,22,6,6,790
2021,11,05,22,6,22,215
2021,11,05,22,6,50,315
2021,11,05,22,7,6,375
2021,11,05,22,7,33,839
2021,11,05,22,7,50,555
2021,11,05,22,8,17,915
2021,11,05,22,8,34,695
2021,11,05,22,8,56,471
2021,11,05,22,9,22,347
2021,11,05,22,9,40,615
2021,11,05,22,10,2,375
2021,11,05,22,10,30,242
2021,11,05,22,10,46,543
2021,11,05,22,11,8,295
2021,11,05,22,11,37,760
2021,11,05,22,11,52,455
2021,11,05,22,12,20,299
2021,11,05,22,12,36,631
2021,11,05,22,12,58,373
2021,11,05,22,13,26,231
2021,11,05,22,13,42,538
2021,11,05,22,14,4,939
2021,11,05,22,14,32,480
2021,11,05,22,14,48,455
2021,11,05,22,15,16,6
2021,11,05,22,15,32,615
2021,11,05,22,15,55,15
2021,11,05,22,16,16,794
2021,11,05,22,16,44,951
2021,11,05,22,17,0,939
2021,11,05,22,17,29,675
2021,11,05,22,17,45,96
2021,11,05,22,18,6,855
2021,11,05,22,18,29,835
2021,11,05,22,18,51,31
2021,11,05,22,19,12,775
2021,11,05,22,19,41,519
2021,11,05,22,19,56,951
2021,11,05,22,20,18,695
2021,11,05,22,20,41,99
2021,11,05,22,21,2,859
2021,11,05,22,21,25,255
2021,11,05,22,21,47,19
2021,11,05,22,22,8,774
2021,11,05,22,22,37,459
2021,11,05,22,22,52,935
2021,11,05,22,23,19,755
2021,11,05,22,23,37,108
2021,11,05,22,23,58,859
2021,11,05,22,24,27,42
2021,11,05,22,24,43,17
2021,11,05,22,25,4,791
2021,11,05,22,25,27,826
2021,11,05,22,25,48,935
2021,11,05,22,26,11,351
2021,11,05,22,26,33,95
2021,11,05,22,26,54,855
2021,11,05,22,27,22,955
2021,11,05,22,27,39,15
2021,11,05,22,28,1,419
2021,11,05,22,28,23,175
2021,11,05,22,28,44,951
2021,11,05,22,29,12,667
2021,11,05,22,29,29,95
2021,11,05,22,29,51,511
2021,11,05,22,30,13,255
2021,11,05,22,30,35,19
2021,11,05,22,30,57,431
2021,11,05,22,31,19,175
2021,11,05,22,31,46,858
2021,11,05,22,32,3,335
2021,11,05,22,32,25,111
2021,11,05,22,32,53,75
2021,11,05,22,33,9,255
2021,11,05,22,33,32,875
2021,11,05,22,33,53,413
2021,11,05,22,34,20,971
2021,11,05,22,34,37,591
2021,11,05,22,34,59,335
2021,11,05,22,35,28,75
2021,11,05,22,35,43,499
2021,11,05,22,36,5,271
2021,11,05,22,36,33,323
2021,11,05,22,36,49,415
2021,11,05,22,37,16,827
2021,11,05,22,37,33,574
2021,11,05,22,37,55,339
2021,11,05,22,38,25,439
2021,11,05,22,38,39,495
2021,11,05,22,39,7,593
2021,11,05,22,39,23,655
2021,11,05,22,39,45,431
2021,11,05,22,40,7,815
2021,11,05,22,40,29,575
2021,11,05,22,40,57,675
2021,11,05,22,41,13,739
2021,11,05,22,41,41,195
2021,11,05,22,41,57,909
2021,11,05,22,42,19,655
2021,11,05,22,42,49,34
2021,11,05,22,43,3,815
2021,11,05,22,43,25,591
2021,11,05,22,43,53,747
2021,11,05,22,44,9,735
2021,11,05,22,44,37,355
2021,11,05,22,44,53,893
2021,11,05,22,45,15,655
2021,11,05,22,45,43,434
2021,11,05,22,45,59,815
2021,11,05,22,46,21,575
2021,11,05,22,46,50,315
2021,11,05,22,47,5,751
2021,11,05,22,47,28,135
2021,11,05,22,47,49,895
2021,11,05,22,48,11,671
2021,11,05,22,48,34,54
2021,11,05,22,49,1,515
2021,11,05,22,49,18,230
2021,11,05,22,49,39,975
2021,11,05,22,50,7,979
2021,11,05,22,50,24,135
2021,11,05,22,50,51,107
2021,11,05,22,51,8,295
2021,11,05,22,51,30,55
2021,11,05,22,51,51,831
2021,11,05,22,52,14,215
2021,11,05,22,52,41,3
2021,11,05,22,52,58,391
2021,11,05,22,53,20,135
2021,11,05,22,53,41,895
2021,11,05,22,54,9,995
2021,11,05,22,54,26,71
2021,11,05,22,54,53,358
2021,11,05,22,55,10,227
2021,11,05,22,55,31,991
2021,11,05,22,55,59,419
2021,11,05,22,56,16,135
2021,11,05,22,56,38,551
2021,11,05,22,57,0,295
2021,11,05,22,57,27,827
2021,11,05,22,57,44,455
2021,11,05,22,58,6,231
2021,11,05,22,58,28,619
2021,11,05,22,58,50,375
2021,11,05,22,59,12,151
2021,11,05,22,59,34,533
2021,11,05,22,59,56,299
2021,11,05,23,0,18,55
2021,11,05,23,0,45,512
2021,11,05,23,1,2,215
2021,11,05,23,1,24,615
2021,11,05,23,1,51,151
2021,11,05,23,2,8,135
2021,11,05,23,2,30,535
2021,11,05,23,2,52,311
2021,11,05,23,3,20,27
2021,11,05,23,3,36,455
2021,11,05,23,3,58,871
2021,11,05,23,4,20,615
2021,11,05,23,4,42,375
2021,11,05,23,5,4,775
2021,11,05,23,5,26,551
2021,11,05,23,5,53,867
2021,11,05,23,6,10,695
2021,11,05,23,6,32,470
2021,11,05,23,7,1,267
2021,11,05,23,7,16,615
2021,11,05,23,7,38,379
2021,11,05,23,8,0,775
2021,11,05,23,8,22,535
2021,11,05,23,8,51,427
2021,11,05,23,9,6,711
2021,11,05,23,9,35,435
2021,11,05,23,9,50,855
2021,11,05,23,10,12,631
2021,11,05,23,10,40,203
2021,11,05,23,10,56,775
2021,11,05,23,11,18,535
2021,11,05,23,11,46,467
2021,11,05,23,12,2,698
2021,11,05,23,12,29,866
2021,11,05,23,12,46,871
2021,11,05,23,13,8,615
2021,11,05,23,13,37,355
2021,11,05,23,13,53,431
2021,11,05,23,14,15,175
2021,11,05,23,14,36,935
2021,11,05,23,14,58,695
2021,11,05,23,15,21,106
2021,11,05,23,15,42,857
2021,11,05,23,16,10,955
2021,11,05,23,16,27,31
2021,11,05,23,16,54,83
2021,11,05,23,17,11,175
2021,11,05,23,17,32,955
2021,11,05,23,17,55,335
2021,11,05,23,18,22,154
2021,11,05,23,18,38,855
2021,11,05,23,19,6,371
2021,11,05,23,19,23,15
2021,11,05,23,19,45,415
2021,11,05,23,20,7,191
2021,11,05,23,20,28,935
2021,11,05,23,20,56,251
2021,11,05,23,21,13,751
2021,11,05,23,21,35,498
2021,11,05,23,21,57,255
2021,11,05,23,22,26,79
2021,11,05,23,22,41,462
2021,11,05,23,23,3,175
2021,11,05,23,23,31,915
2021,11,05,23,23,47,351
2021,11,05,23,24,14,427
2021,11,05,23,24,31,495
2021,11,05,23,24,53,271
2021,11,05,23,25,15,655
2021,11,05,23,25,43,99
2021,11,05,23,25,59,831
2021,11,05,23,26,21,575
2021,11,05,23,26,43,335
2021,11,05,23,27,9,851
2021,11,05,23,27,27,511
2021,11,05,23,27,54,631
2021,11,05,23,28,11,658
2021,11,05,23,28,33,431
2021,11,05,23,28,55,815
2021,11,05,23,29,23,287
2021,11,05,23,29,39,991
2021,11,05,23,30,1,734
2021,11,05,23,30,28,627
2021,11,05,23,30,45,895
2021,11,05,23,31,7,671
2021,11,05,23,31,30,103
2021,11,05,23,31,51,815
2021,11,05,23,32,13,591
2021,11,05,23,32,35,975
2021,11,05,23,32,57,735
2021,11,05,23,33,24,83
2021,11,05,23,33,41,898
2021,11,05,23,34,3,659
2021,11,05,23,34,30,695
2021,11,05,23,34,47,831
2021,11,05,23,35,9,574
2021,11,05,23,35,31,974
2021,11,05,23,35,53,751
2021,11,05,23,36,20,329
2021,11,05,23,36,37,895
2021,11,05,23,36,59,655
2021,11,05,23,37,22,55
2021,11,05,23,37,43,815
2021,11,05,23,38,12,706
2021,11,05,23,38,27,991
2021,11,05,23,38,56,75
2021,11,05,23,39,12,135
2021,11,05,23,39,38,634
2021,11,05,23,39,56,295
2021,11,05,23,40,18,55
2021,11,05,23,40,39,815
2021,11,05,23,41,8,555
2021,11,05,23,41,23,975
2021,11,05,23,41,52,75
2021,11,05,23,42,8,151
2021,11,05,23,42,31,560
2021,11,05,23,42,52,295
2021,11,05,23,43,14,71
2021,11,05,23,43,41,807
2021,11,05,23,43,58,215
2021,11,05,23,44,19,975
2021,11,05,23,44,48,75
2021,11,05,23,45,4,135
2021,11,05,23,45,31,31
2021,11,05,23,45,48,311
2021,11,05,23,46,10,55
2021,11,05,23,46,32,455
2021,11,05,23,46,54,231
2021,11,05,23,47,17,35
2021,11,05,23,47,38,387
2021,11,05,23,48,5,194
2021,11,05,23,48,22,533
2021,11,05,23,48,44,299
2021,11,05,23,49,9,283
2021,11,05,23,49,28,475
2021,11,05,23,49,50,215
2021,11,05,23,50,12,615
2021,11,05,23,50,34,391
2021,11,05,23,50,56,775
2021,11,05,23,51,24,459
2021,11,05,23,51,40,295
2021,11,05,23,52,8,263
2021,11,05,23,52,24,455
2021,11,05,23,52,52,553
2021,11,05,23,53,8,631
2021,11,05,23,53,37,111
2021,11,05,23,53,52,775
2021,11,05,23,54,14,550
2021,11,05,23,54,36,934
2021,11,05,23,54,58,695
2021,11,05,23,55,26,595
2021,11,05,23,55,42,855
2021,11,05,23,56,4,615
2021,11,05,23,56,28,233
2021,11,05,23,56,48,791
2021,11,05,23,57,17,514
2021,11,05,23,57,32,935
2021,11,05,23,57,54,711
2021,11,05,23,58,22,793
2021,11,05,23,58,38,855
2021,11,05,23,59,0,619
2021,11,05,23,59,23,15
2021,11,05,23,59,44,779
2021,11,06,0,0,6,535
2021,11,06,0,0,33,995
2021,11,06,0,0,50,695
2021,11,06,0,1,17,883
2021,11,06,0,1,34,869
2021,11,06,0,1,56,615
2021,11,06,0,2,24,832
2021,11,06,0,2,40,779
2021,11,06,0,3,3,175
2021,11,06,0,3,24,935
2021,11,06,0,3,52,267
2021,11,06,0,4,9,111
2021,11,06,0,4,30,855
2021,11,06,0,4,58,387
2021,11,06,0,5,15,31
2021,11,06,0,5,36,775
2021,11,06,0,6,4,154
2021,11,06,0,6,20,935
2021,11,06,0,6,43,335
2021,11,06,0,7,5,95
2021,11,06,0,7,32,115
2021,11,06,0,7,49,271
2021,11,06,0,8,11,15
2021,11,06,0,8,32,775
2021,11,06,0,9,1,515
2021,11,06,0,9,16,935
2021,11,06,0,9,45,35
2021,11,06,0,10,1,95
2021,11,06,0,10,28,883
2021,11,06,0,10,45,255
2021,11,06,0,11,7,15
2021,11,06,0,11,29,431
2021,11,06,0,11,51,174
2021,11,06,0,12,12,935
2021,11,06,0,12,40,825
2021,11,06,0,12,57,95
2021,11,06,0,13,19,495
2021,11,06,0,13,48,239
2021,11,06,0,14,3,31
2021,11,06,0,14,32,243
2021,11,06,0,14,47,175
2021,11,06,0,15,9,591
2021,11,06,0,15,31,335
2021,11,06,0,15,55,746
2021,11,06,0,16,15,512
2021,11,06,0,16,37,255
2021,11,06,0,16,59,15
2021,11,06,0,17,21,415
2021,11,06,0,17,43,203
2021,11,06,0,18,11,203
2021,11,06,0,18,27,335
2021,11,06,0,18,55,187
2021,11,06,0,19,11,495
2021,11,06,0,19,33,255
2021,11,06,0,20,0,395
2021,11,06,0,20,17,415
2021,11,06,0,20,39,175
2021,11,06,0,21,1,575
2021,11,06,0,21,29,107
2021,11,06,0,21,45,735
2021,11,06,0,22,7,495
2021,11,06,0,22,29,271
2021,11,06,0,22,57,355
2021,11,06,0,23,13,415
2021,11,06,0,23,39,851
2021,11,06,0,23,57,577
2021,11,06,0,24,19,335
2021,11,06,0,24,45,931
2021,11,06,0,25,3,511
2021,11,06,0,25,25,255
2021,11,06,0,25,47,655
2021,11,06,0,26,9,431
2021,11,06,0,26,36,232
2021,11,06,0,26,53,575
2021,11,06,0,27,15,335
2021,11,06,0,27,37,738
2021,11,06,0,28,3,497
2021,11,06,0,28,21,943
2021,11,06,0,28,43,671
2021,11,06,0,29,11,115
2021,11,06,0,29,27,815
2021,11,06,0,29,49,591
2021,11,06,0,30,19,43
2021,11,06,0,30,33,735
2021,11,06,0,31,2,675
2021,11,06,0,31,17,895
2021,11,06,0,31,39,655
2021,11,06,0,32,2,67
2021,11,06,0,32,23,831
2021,11,06,0,32,45,579
2021,11,06,0,33,12,907
2021,11,06,0,33,29,751
2021,11,06,0,33,52,135
2021,11,06,0,34,13,895
2021,11,06,0,34,42,635
2021,11,06,0,34,58,55
2021,11,06,0,35,19,818
2021,11,06,0,35,41,575
2021,11,06,0,36,10,319
2021,11,06,0,36,25,739
2021,11,06,0,36,55,755
2021,11,06,0,37,9,911
2021,11,06,0,37,40,79
2021,11,06,0,37,54,55
2021,11,06,0,38,15,815
2021,11,06,0,38,44,23
2021,11,06,0,38,59,975
2021,11,06,0,39,27,779
2021,11,06,0,39,44,150
2021,11,06,0,40,5,895
2021,11,06,0,40,33,355
2021,11,06,0,40,50,71
2021,11,06,0,41,18,153
2021,11,06,0,41,34,215
2021,11,06,0,41,56,631
2021,11,06,0,42,18,375
2021,11,06,0,42,40,135
2021,11,06,0,43,9,27
2021,11,06,0,43,24,311
2021,11,06,0,43,52,139
2021,11,06,0,44,8,455
2021,11,06,0,44,30,230
2021,11,06,0,44,57,883
2021,11,06,0,45,14,373
2021,11,06,0,45,36,135
2021,11,06,0,46,3,259
2021,11,06,0,46,20,295
2021,11,06,0,46,42,698
2021,11,06,0,47,4,470
2021,11,06,0,47,32,555
2021,11,06,0,47,48,615
2021,11,06,0,48,16,769
2021,11,06,0,48,32,775
2021,11,06,0,48,54,535
2021,11,06,0,49,23,915
2021,11,06,0,49,38,695
2021,11,06,0,50,0,455
2021,11,06,0,50,29,195
2021,11,06,0,50,44,631
2021,11,06,0,51,6,391
2021,11,06,0,51,28,775
2021,11,06,0,51,50,554
2021,11,06,0,52,19,275
2021,11,06,0,52,34,695
2021,11,06,0,52,56,455
2021,11,06,0,53,18,855
2021,11,06,0,53,40,615
2021,11,06,0,54,8,714
2021,11,06,0,54,24,791
2021,11,06,0,54,52,291
2021,11,06,0,55,8,935
2021,11,06,0,55,30,711
2021,11,06,0,55,57,602
2021,11,06,0,56,14,855
2021,11,06,0,56,36,615
2021,11,06,0,57,4,84
2021,11,06,0,57,20,775
2021,11,06,0,57,47,667
2021,11,06,0,58,4,951
2021,11,06,0,58,26,699
2021,11,06,0,58,49,95
2021,11,06,0,59,10,871
2021,11,06,0,59,33,531
2021,11,06,0,59,55,15
2021,11,06,1,0,16,781
2021,11,06,1,0,39,175
2021,11,06,1,1,0,939
2021,11,06,1,1,28,187
2021,11,06,1,1,45,111
2021,11,06,1,2,6,855
2021,11,06,1,2,35,283
2021,11,06,1,2,51,31
2021,11,06,1,3,18,483
2021,11,06,1,3,35,175
2021,11,06,1,3,56,935
2021,11,06,1,4,25,747
2021,11,06,1,4,41,95
2021,11,06,1,5,8,315
2021,11,06,1,5,25,271
2021,11,06,1,5,47,15
2021,11,06,1,6,14,459
2021,11,06,1,6,31,189
2021,11,06,1,6,53,575
2021,11,06,1,7,15,337
2021,11,06,1,7,43,232
2021,11,06,1,7,59,495
2021,11,06,1,8,30,243
2021,11,06,1,8,43,655
2021,11,06,1,9,5,431
2021,11,06,1,9,27,175
2021,11,06,1,9,49,574
2021,11,06,1,10,11,351
2021,11,06,1,10,39,927
2021,11,06,1,10,55,495
2021,11,06,1,11,17,258
2021,11,06,1,11,39,655
2021,11,06,1,12,1,415
2021,11,06,1,12,28,646
2021,11,06,1,12,45,591
2021,11,06,1,13,7,335
2021,11,06,1,13,34,923
2021,11,06,1,13,51,511
2021,11,06,1,14,13,254
2021,11,06,1,14,41,358
2021,11,06,1,14,57,415
2021,11,06,1,15,19,815
2021,11,06,1,15,41,575
2021,11,06,1,16,4,23
2021,11,06,1,16,25,762
2021,11,06,1,16,54,323
2021,11,06,1,17,9,895
2021,11,06,1,17,31,671
2021,11,06,1,17,54,55
2021,11,06,1,18,15,815
2021,11,06,1,18,44,553
2021,11,06,1,18,59,975
2021,11,06,1,19,21,739
2021,11,06,1,19,43,499
2021,11,06,1,20,10,955
2021,11,06,1,20,27,655
2021,11,06,1,20,50,55
2021,11,06,1,21,11,831
2021,11,06,1,21,39,622
2021,11,06,1,21,55,975
2021,11,06,1,22,17,735
2021,11,06,1,22,45,906
2021,11,06,1,23,1,898
2021,11,06,1,23,29,355
2021,11,06,1,23,46,71
2021,11,06,1,24,7,815
2021,11,06,1,24,36,35
2021,11,06,1,24,51,991
2021,11,06,1,25,13,739
2021,11,06,1,25,41,843
2021,11,06,1,25,57,895
2021,11,06,1,26,20,295
2021,11,06,1,26,42,55
2021,11,06,1,27,3,815
2021,11,06,1,27,31,915
2021,11,06,1,27,47,975
2021,11,06,1,28,10,375
2021,11,06,1,28,32,151
2021,11,06,1,28,53,895
2021,11,06,1,29,22,635
2021,11,06,1,29,38,55
2021,11,06,1,29,59,829
2021,11,06,1,30,22,215
2021,11,06,1,30,43,975
2021,11,06,1,31,6,391
2021,11,06,1,31,28,135
2021,11,06,1,31,49,895
2021,11,06,1,32,18,275
2021,11,06,1,32,34,55
2021,11,06,1,33,2,107
2021,11,06,1,33,18,218
2021,11,06,1,33,39,991
2021,11,06,1,34,2,374
2021,11,06,1,34,24,135
2021,11,06,1,34,46,555
2021,11,06,1,35,8,295
2021,11,06,1,35,30,55
2021,11,06,1,35,52,471
2021,11,06,1,36,14,213
2021,11,06,1,36,42,121
2021,11,06,1,36,58,375
2021,11,06,1,37,26,595
2021,11,06,1,37,42,535
2021,11,06,1,38,10,883
2021,11,06,1,38,26,71
2021,11,06,1,38,54,159
2021,11,06,1,39,10,214
2021,11,06,1,39,37,675
2021,11,06,1,39,54,375
2021,11,06,1,40,16,135
2021,11,06,1,40,43,43
2021,11,06,1,41,0,311
2021,11,06,1,41,25,995
2021,11,06,1,41,44,455
2021,11,06,1,42,6,230
2021,11,06,1,42,33,674
2021,11,06,1,42,50,379
2021,11,06,1,43,12,789
2021,11,06,1,43,40,874
2021,11,06,1,43,56,295
2021,11,06,1,44,23,323
2021,11,06,1,44,40,482
2021,11,06,1,45,2,855
2021,11,06,1,45,24,614
2021,11,06,1,45,46,391
2021,11,06,1,46,12,747
2021,11,06,1,46,30,535
2021,11,06,1,46,57,995
2021,11,06,1,47,14,695
2021,11,06,1,47,36,455
2021,11,06,1,48,4,218
2021,11,06,1,48,20,629
2021,11,06,1,48,43,15
2021,11,06,1,49,4,775
2021,11,06,1,49,32,874
2021,11,06,1,49,48,938
2021,11,06,1,50,10,695
2021,11,06,1,50,33,109
2021,11,06,1,50,54,866
2021,11,06,1,51,16,615
2021,11,06,1,51,44,607
2021,11,06,1,52,0,791
2021,11,06,1,52,29,862
2021,11,06,1,52,44,935
2021,11,06,1,53,6,711
2021,11,06,1,53,29,95
2021,11,06,1,53,59,199
2021,11,06,1,54,13,271
2021,11,06,1,54,35,15
2021,11,06,1,55,4,487
2021,11,06,1,55,19,175
2021,11,06,1,55,40,951
2021,11,06,1,56,10,315
2021,11,06,1,56,25,95
2021,11,06,1,56,46,871
2021,11,06,1,57,14,521
2021,11,06,1,57,31,15
2021,11,06,1,57,53,431
2021,11,06,1,58,15,815
2021,11,06,1,58,36,935
2021,11,06,1,58,59,335
2021,11,06,1,59,21,111
2021,11,06,1,59,49,466
2021,11,06,2,0,5,259
2021,11,06,2,0,27,31
2021,11,06,2,0,53,595
2021,11,06,2,1,11,179
2021,11,06,2,1,34,154
2021,11,06,2,1,55,383
2021,11,06,2,2,17,95
2021,11,06,2,2,45,31
2021,11,06,2,3,1,271
2021,11,06,2,3,24,267
2021,11,06,2,3,45,434
2021,11,06,2,4,7,191
2021,11,06,2,4,35,915
2021,11,06,2,4,51,335
2021,11,06,2,5,13,94
2021,11,06,2,5,41,835
2021,11,06,2,5,57,262
2021,11,06,2,6,25,459
2021,11,06,2,6,41,435
2021,11,06,2,7,3,173
2021,11,06,2,7,25,575
2021,11,06,2,7,54,315
2021,11,06,2,8,9,735
2021,11,06,2,8,31,499
2021,11,06,2,8,53,255
2021,11,06,2,9,21,995
2021,11,06,2,9,37,415
2021,11,06,2,10,1,33
2021,11,06,2,10,21,591
2021,11,06,2,10,51,15
2021,11,06,2,11,5,735
2021,11,06,2,11,27,511
2021,11,06,2,11,56,233
2021,11,06,2,12,11,659
2021,11,06,2,12,33,415
2021,11,06,2,13,2,215
2021,11,06,2,13,17,575
2021,11,06,2,13,44,299
2021,11,06,2,14,1,759
2021,11,06,2,14,23,495
2021,11,06,2,14,45,895
2021,11,06,2,15,7,683
2021,11,06,2,15,35,115
2021,11,06,2,15,51,816
2021,11,06,2,16,13,575
2021,11,06,2,16,39,846
2021,11,06,2,16,57,735
2021,11,06,2,17,24,555
2021,11,06,2,17,41,911
2021,11,06,2,18,3,655
2021,11,06,2,18,31,843
2021,11,06,2,18,47,831
2021,11,06,2,19,10,215
2021,11,06,2,19,31,975
2021,11,06,2,20,0,75
2021,11,06,2,20,16,135
2021,11,06,2,20,45,515
2021,11,06,2,21,0,295
2021,11,06,2,21,29,34
2021,11,06,2,21,43,818
2021,11,06,2,22,6,215
2021,11,06,2,22,27,991
2021,11,06,2,22,55,595
2021,11,06,2,23,12,135
2021,11,06,2,23,33,895
2021,11,06,2,24,1,979
2021,11,06,2,24,18,55
2021,11,06,2,24,46,795
2021,11,06,2,25,2,231
2021,11,06,2,25,23,975
2021,11,06,2,25,52,714
2021,11,06,2,26,8,151
2021,11,06,2,26,29,897
2021,11,06,2,26,52,295
2021,11,06,2,27,19,875
2021,11,06,2,27,36,459
2021,11,06,2,27,58,219
2021,11,06,2,28,19,979
2021,11,06,2,28,46,883
2021,11,06,2,29,4,135
2021,11,06,2,29,30,91
2021,11,06,2,29,48,311
2021,11,06,2,30,16,523
2021,11,06,2,30,32,459
2021,11,06,2,30,54,870
2021,11,06,2,31,16,615
2021,11,06,2,31,38,375
2021,11,06,2,32,0,139
2021,11,06,2,32,22,551
2021,11,06,2,32,44,295
2021,11,06,2,33,6,696
2021,11,06,2,33,28,471
2021,11,06,2,33,50,215
2021,11,06,2,34,18,955
2021,11,06,2,34,34,375
2021,11,06,2,34,56,779
2021,11,06,2,35,18,535
2021,11,06,2,35,40,295
2021,11,06,2,36,2,710
2021,11,06,2,36,24,455
2021,11,06,2,36,53,283
2021,11,06,2,37,8,631
2021,11,06,2,37,30,379
2021,11,06,2,37,58,474
2021,11,06,2,38,14,535
2021,11,06,2,38,42,567
2021,11,06,2,38,58,695
2021,11,06,2,39,21,675
2021,11,06,2,39,42,871
2021,11,06,2,40,4,615
2021,11,06,2,40,31,987
2021,11,06,2,40,48,791
2021,11,06,2,41,10,535
2021,11,06,2,41,37,819
2021,11,06,2,41,54,695
2021,11,06,2,42,17,95
2021,11,06,2,42,38,859
2021,11,06,2,43,7,54
2021,11,06,2,43,23,31
2021,11,06,2,43,44,783
2021,11,06,2,44,12,962
2021,11,06,2,44,28,949
2021,11,06,2,44,56,467
2021,11,06,2,45,13,95
2021,11,06,2,45,34,855
2021,11,06,2,46,3,43
2021,11,06,2,46,19,15
2021,11,06,2,46,40,775
2021,11,06,2,47,8,875
2021,11,06,2,47,24,935
2021,11,06,2,47,46,695
2021,11,06,2,48,9,111
2021,11,06,2,48,30,859
2021,11,06,2,48,59,595
2021,11,06,2,49,15,15
2021,11,06,2,49,43,115
2021,11,06,2,49,59,175
2021,11,06,2,50,26,635
2021,11,06,2,50,43,350
2021,11,06,2,51,5,95
2021,11,06,2,51,26,855
2021,11,06,2,51,49,271
2021,11,06,2,52,11,15
2021,11,06,2,52,38,431
2021,11,06,2,52,55,179
2021,11,06,2,53,16,951
2021,11,06,2,53,45,223
2021,11,06,2,54,1,98
2021,11,06,2,54,28,395
2021,11,06,2,54,45,255
2021,11,06,2,55,7,15
2021,11,06,2,55,35,755
2021,11,06,2,55,51,175
2021,11,06,2,56,13,575
2021,11,06,2,56,35,339
2021,11,06,2,56,57,111
2021,11,06,2,57,19,497
2021,11,06,2,57,41,303
2021,11,06,2,58,3,670
2021,11,06,2,58,25,415
2021,11,06,2,58,47,175
2021,11,06,2,59,9,591
2021,11,06,2,59,31,335
2021,11,06,2,59,59,35
2021,11,06,3,0,15,499
2021,11,06,3,0,37,271
2021,11,06,3,1,6,635
2021,11,06,3,1,21,418
2021,11,06,3,1,43,831
2021,11,06,3,2,5,579
2021,11,06,3,2,27,339
2021,11,06,3,2,56,803
2021,11,06,3,3,11,498
2021,11,06,3,3,40,307
2021,11,06,3,3,55,655
2021,11,06,3,4,25,91
2021,11,06,3,4,39,819
2021,11,06,3,5,1,575
2021,11,06,3,5,23,351
2021,11,06,3,5,45,738
2021,11,06,3,6,7,495
2021,11,06,3,6,29,911
2021,11,06,3,6,51,655
2021,11,06,3,7,13,419
2021,11,06,3,7,35,818
2021,11,06,3,7,57,590
2021,11,06,3,8,24,747
2021,11,06,3,8,41,735
2021,11,06,3,9,3,511
2021,11,06,3,9,25,895
2021,11,06,3,9,53,995
2021,11,06,3,10,10,71
2021,11,06,3,10,31,815
2021,11,06,3,10,53,579
2021,11,06,3,11,21,107
2021,11,06,3,11,37,751
2021,11,06,3,12,0,139
2021,11,06,3,12,21,899
2021,11,06,3,12,48,955
2021,11,06,3,13,6,55
2021,11,06,3,13,27,863
2021,11,06,3,13,50,231
2021,11,06,3,14,11,975
2021,11,06,3,14,33,738
2021,11,06,3,14,56,139
2021,11,06,3,15,17,911
2021,11,06,3,15,45,819
2021,11,06,3,16,2,59
2021,11,06,3,16,23,831
2021,11,06,3,16,51,787
2021,11,06,3,17,7,978
2021,11,06,3,17,35,759
2021,11,06,3,17,52,138
2021,11,06,3,18,13,897
2021,11,06,3,18,41,995
2021,11,06,3,18,58,71
2021,11,06,3,19,26,243
2021,11,06,3,19,42,218
2021,11,06,3,20,3,991
2021,11,06,3,20,26,375
2021,11,06,3,20,53,907
2021,11,06,3,21,10,555
2021,11,06,3,21,32,299
2021,11,06,3,21,55,275
2021,11,06,3,22,21,819
2021,11,06,3,22,38,231
2021,11,06,3,22,59,979
2021,11,06,3,23,27,835
2021,11,06,3,23,44,150
2021,11,06,3,24,6,535
2021,11,06,3,24,33,993
2021,11,06,3,24,50,59
2021,11,06,3,25,17,519
2021,11,06,3,25,34,216
2021,11,06,3,26,2,803
2021,11,06,3,26,18,391
2021,11,06,3,26,41,995
2021,11,06,3,27,2,537
2021,11,06,3,27,24,311
2021,11,06,3,27,51,827
2021,11,06,3,28,8,455
2021,11,06,3,28,30,871
2021,11,06,3,28,52,663
2021,11,06,3,29,14,378
2021,11,06,3,29,41,435
2021,11,06,3,29,58,551
2021,11,06,3,30,20,343
2021,11,06,3,30,42,698
2021,11,06,3,31,4,471
2021,11,06,3,31,26,859
2021,11,06,3,31,48,616
2021,11,06,3,32,10,378
2021,11,06,3,32,40,483
2021,11,06,3,32,54,537
2021,11,06,3,33,16,939
2021,11,06,3,33,38,711
2021,11,06,3,34,0,458
2021,11,06,3,34,22,859
2021,11,06,3,34,44,631
2021,11,06,3,35,7,15
2021,11,06,3,35,28,775
2021,11,06,3,35,50,539
2021,11,06,3,36,12,939
2021,11,06,3,36,34,699
2021,11,06,3,37,3,51
2021,11,06,3,37,18,871
2021,11,06,3,37,45,931
2021,11,06,3,38,3,19
2021,11,06,3,38,24,795
2021,11,06,3,38,47,178
2021,11,06,3,39,14,635
2021,11,06,3,39,30,699
2021,11,06,3,39,57,387
2021,11,06,3,40,14,859
2021,11,06,3,40,41,275
2021,11,06,3,40,59,31
2021,11,06,3,41,20,779
2021,11,06,3,41,48,233
2021,11,06,3,42,4,950
2021,11,06,3,42,32,187
2021,11,06,3,42,49,99
2021,11,06,3,43,10,859
2021,11,06,3,43,38,203
2021,11,06,3,43,55,19
2021,11,06,3,44,21,923
2021,11,06,3,44,39,191
2021,11,06,3,45,0,935
2021,11,06,3,45,23,339
2021,11,06,3,45,45,111
2021,11,06,3,46,6,859
2021,11,06,3,46,29,255
2021,11,06,3,46,51,19
2021,11,06,3,47,18,474
2021,11,06,3,47,35,179
2021,11,06,3,47,56,939
2021,11,06,3,48,25,762
2021,11,06,3,48,41,99
2021,11,06,3,49,11,171
2021,11,06,3,49,25,271
2021,11,06,3,49,55,275
2021,11,06,3,50,9,415
2021,11,06,3,50,38,227
2021,11,06,3,50,53,578
2021,11,06,3,51,15,335
2021,11,06,3,51,37,99
2021,11,06,3,51,59,511
2021,11,06,3,52,21,257
2021,11,06,3,52,49,67
2021,11,06,3,53,5,431
2021,11,06,3,53,27,179
2021,11,06,3,53,55,682
2021,11,06,3,54,11,339
2021,11,06,3,54,38,795
2021,11,06,3,54,55,499
2021,11,06,3,55,17,258
2021,11,06,3,55,44,715
2021,11,06,3,56,1,419
2021,11,06,3,56,23,815
2021,11,06,3,56,45,591
2021,11,06,3,57,7,339
2021,11,06,3,57,35,688
2021,11,06,3,57,51,499
2021,11,06,3,58,19,467
2021,11,06,3,58,35,659
2021,11,06,3,59,4,432
2021,11,06,3,59,19,831
2021,11,06,3,59,41,579
2021,11,06,4,0,3,979
2021,11,06,4,0,25,751
2021,11,06,4,0,47,495
2021,11,06,4,1,9,895
2021,11,06,4,1,31,655
2021,11,06,4,2,1,123
2021,11,06,4,2,15,819
2021,11,06,4,2,45,707
2021,11,06,4,2,59,991
2021,11,06,4,3,21,735
2021,11,06,4,3,51,591
2021,11,06,4,4,5,911
2021,11,06,4,4,27,659
2021,11,06,4,4,57,35
2021,11,06,4,5,11,818
2021,11,06,4,5,34,217
2021,11,06,4,5,55,979
2021,11,06,4,6,17,739
2021,11,06,4,6,44,379
2021,11,06,4,7,1,897
2021,11,06,4,7,29,691
2021,11,06,4,7,46,70
2021,11,06,4,8,7,816
2021,11,06,4,8,36,219
2021,11,06,4,8,51,979
2021,11,06,4,9,19,506
2021,11,06,4,9,36,139
2021,11,06,4,9,57,899
2021,11,06,4,10,20,315
2021,11,06,4,10,42,55
2021,11,06,4,11,3,819
2021,11,06,4,11,26,231
2021,11,06,4,11,47,977
2021,11,06,4,12,16,435
2021,11,06,4,12,32,139
2021,11,06,4,12,53,911
2021,11,06,4,13,16,295
2021,11,06,4,13,38,59
2021,11,06,4,14,6,154
2021,11,06,4,14,22,218
2021,11,06,4,14,48,843
2021,11,06,4,15,6,391
2021,11,06,4,15,28,139
2021,11,06,4,15,50,537
2021,11,06,4,16,12,295
2021,11,06,4,16,34,71
2021,11,06,4,16,56,459
2021,11,06,4,17,18,219
2021,11,06,4,17,40,631
2021,11,06,4,18,8,800
2021,11,06,4,18,24,135
2021,11,06,4,18,47,755
2021,11,06,4,19,8,296
2021,11,06,4,19,35,611
2021,11,06,4,19,52,457
2021,11,06,4,20,14,233
2021,11,06,4,20,42,794
2021,11,06,4,20,58,382
2021,11,06,4,21,24,154
2021,11,06,4,21,42,551
2021,11,06,4,22,4,299
2021,11,06,4,22,32,874
2021,11,06,4,22,48,459
2021,11,06,4,23,11,419
2021,11,06,4,23,32,619
2021,11,06,4,23,54,391
2021,11,06,4,24,16,778
2021,11,06,4,24,38,539
2021,11,06,4,25,5,999
2021,11,06,4,25,22,699
2021,11,06,4,25,44,455
2021,11,06,4,26,6,871
2021,11,06,4,26,28,615
2021,11,06,4,26,54,315
2021,11,06,4,27,12,779
2021,11,06,4,27,34,553
2021,11,06,4,28,2,307
2021,11,06,4,28,18,695
2021,11,06,4,28,41,111
2021,11,06,4,29,2,859
2021,11,06,4,29,24,619
2021,11,06,4,29,47,31
2021,11,06,4,30,8,779
2021,11,06,4,30,36,962
2021,11,06,4,30,52,936
2021,11,06,4,31,14,711
2021,11,06,4,31,37,99
2021,11,06,4,31,58,858
2021,11,06,4,32,21,271
2021,11,06,4,32,50,83
2021,11,06,4,33,4,779
2021,11,06,4,33,34,835
2021,11,06,4,33,48,939
2021,11,06,4,34,18,483
2021,11,06,4,34,33,98
2021,11,06,4,34,54,871
2021,11,06,4,35,22,430
2021,11,06,4,35,39,15
2021,11,06,4,36,1,435
2021,11,06,4,36,23,178
2021,11,06,4,36,44,939
2021,11,06,4,37,7,351
2021,11,06,4,37,29,99
2021,11,06,4,37,57,251
2021,11,06,4,38,13,259
2021,11,06,4,38,36,235
2021,11,06,4,39,2,361
2021,11,06,4,39,19,178
2021,11,06,4,39,40,955
2021,11,06,4,40,9,39
2021,11,06,4,40,25,99
2021,11,06,4,40,51,915
2021,11,06,4,41,9,256
2021,11,06,4,41,31,19
2021,11,06,4,41,58,655
2021,11,06,4,42,15,191
2021,11,06,4,42,37,579
2021,11,06,4,42,59,338
2021,11,06,4,43,26,475
2021,11,06,4,43,43,499
2021,11,06,4,44,5,258
2021,11,06,4,44,27,671
2021,11,06,4,44,56,481
2021,11,06,4,45,11,179
2021,11,06,4,45,41,531
2021,11,06,4,45,55,351
2021,11,06,4,46,24,715
2021,11,06,4,46,39,499
2021,11,06,4,47,1,271
2021,11,06,4,47,29,611
2021,11,06,4,47,45,419
2021,11,06,4,48,14,227
2021,11,06,4,48,29,579
2021,11,06,4,48,51,339
2021,11,06,4,49,13,735
2021,11,06,4,49,35,511
2021,11,06,4,50,3,563
2021,11,06,4,50,19,658
2021,11,06,4,50,48,395
2021,11,06,4,51,3,819
2021,11,06,4,51,25,579
2021,11,06,4,51,53,675
2021,11,06,4,52,9,739
2021,11,06,4,52,37,839
2021,11,06,4,52,53,903
2021,11,06,4,53,21,355
2021,11,06,4,53,38,59
2021,11,06,4,53,59,819
2021,11,06,4,54,21,591
2021,11,06,4,54,43,979
2021,11,06,4,55,5,736
2021,11,06,4,55,34,3
2021,11,06,4,55,49,895
2021,11,06,4,56,17,443
2021,11,06,4,56,34,59
2021,11,06,4,56,55,835
2021,11,06,4,57,18,219
2021,11,06,4,57,39,979
2021,11,06,4,58,1,754
2021,11,06,4,58,24,139
2021,11,06,4,58,45,899
2021,11,06,4,59,14,635
2021,11,06,4,59,30,59
2021,11,06,4,59,51,817
2021,11,06,5,0,14,216
2021,11,06,5,0,35,995
2021,11,06,5,1,3,571
2021,11,06,5,1,20,139
2021,11,06,5,1,41,911
2021,11,06,5,2,9,674
2021,11,06,5,2,26,59
2021,11,06,5,2,48,471
2021,11,06,5,3,10,219
2021,11,06,5,3,31,979
2021,11,06,5,3,54,376
2021,11,06,5,4,16,151
2021,11,06,5,4,44,331
2021,11,06,5,5,0,295
2021,11,06,5,5,22,71
2021,11,06,5,5,44,458
2021,11,06,5,6,6,215
2021,11,06,5,6,28,631
2021,11,06,5,6,56,771
2021,11,06,5,7,12,139
2021,11,06,5,7,38,955
2021,11,06,5,7,56,315
2021,11,06,5,8,18,697
2021,11,06,5,8,40,455
2021,11,06,5,9,2,231
2021,11,06,5,9,24,615
2021,11,06,5,9,46,378
2021,11,06,5,10,14,275
2021,11,06,5,10,30,539
2021,11,06,5,10,58,707
2021,11,06,5,11,14,697
2021,11,06,5,11,41,923
2021,11,06,5,11,58,219
2021,11,06,5,12,20,619
2021,11,06,5,12,49,355
2021,11,06,5,13,4,779
2021,11,06,5,13,33,664
2021,11,06,5,13,48,298
2021,11,06,5,14,18,267
2021,11,06,5,14,32,458
2021,11,06,5,14,54,858
2021,11,06,5,15,16,631
2021,11,06,5,15,38,386
2021,11,06,5,16,0,778
2021,11,06,5,16,22,551
2021,11,06,5,16,50,154
2021,11,06,5,17,6,699
2021,11,06,5,17,28,458
2021,11,06,5,17,56,963
2021,11,06,5,18,12,619
2021,11,06,5,18,40,963
2021,11,06,5,18,56,791
2021,11,06,5,19,23,739
2021,11,06,5,19,40,939
2021,11,06,5,20,3,351
2021,11,06,5,20,24,459
2021,11,06,5,20,53,147
2021,11,06,5,21,8,617
2021,11,06,5,21,37,803
2021,11,06,5,21,52,777
2021,11,06,5,22,14,539
2021,11,06,5,22,42,380
2021,11,06,5,22,58,699
2021,11,06,5,23,21,99
2021,11,06,5,23,42,876
2021,11,06,5,24,4,619
2021,11,06,5,24,27,19
2021,11,06,5,24,48,779
2021,11,06,5,25,16,878
2021,11,06,5,25,32,939
2021,11,06,5,26,0,395
2021,11,06,5,26,17,113
2021,11,06,5,26,38,859
2021,11,06,5,27,6,403
2021,11,06,5,27,23,35
2021,11,06,5,27,44,778
2021,11,06,5,28,7,179
2021,11,06,5,28,28,939
2021,11,06,5,28,57,491
2021,11,06,5,29,13,99
2021,11,06,5,29,41,523
2021,11,06,5,29,57,271
2021,11,06,5,30,24,907
2021,11,06,5,30,41,419
2021,11,06,5,31,3,191
2021,11,06,5,31,24,939
2021,11,06,5,31,52,483
2021,11,06,5,32,9,99
2021,11,06,5,32,31,498
2021,11,06,5,32,53,256
2021,11,06,5,33,21,627
2021,11,06,5,33,37,431
2021,11,06,5,33,59,179
2021,11,06,5,34,20,939
2021,11,06,5,34,43,350
2021,11,06,5,35,5,98
2021,11,06,5,35,28,714
2021,11,06,5,35,49,259
2021,11,06,5,36,11,31
2021,11,06,5,36,33,419
2021,11,06,5,36,55,176
2021,11,06,5,37,23,915
2021,11,06,5,37,39,339
2021,11,06,5,38,1,95
2021,11,06,5,38,30,23
2021,11,06,5,38,45,255
2021,11,06,5,39,12,187
2021,11,06,5,39,29,419
2021,11,06,5,39,51,194
2021,11,06,5,40,18,251
2021,11,06,5,40,35,347
2021,11,06,5,40,57,751
2021,11,06,5,41,19,499
2021,11,06,5,41,47,43
2021,11,06,5,42,3,671
2021,11,06,5,42,25,417
2021,11,06,5,42,47,819
2021,11,06,5,43,9,579
2021,11,06,5,43,31,351
2021,11,06,5,43,53,738
2021,11,06,5,44,15,498
2021,11,06,5,44,37,913
2021,11,06,5,44,59,659
2021,11,06,5,45,21,415
2021,11,06,5,45,43,831
2021,11,06,5,46,5,575
2021,11,06,5,46,34,315
2021,11,06,5,46,49,739
2021,11,06,5,47,11,511
2021,11,06,5,47,33,899
2021,11,06,5,47,55,659
2021,11,06,5,48,18,71
2021,11,06,5,48,39,819
2021,11,06,5,49,1,578
2021,11,06,5,49,28,871
2021,11,06,5,49,45,735
2021,11,06,5,50,7,497
2021,11,06,5,50,35,147
2021,11,06,5,50,51,671
2021,11,06,5,51,14,59
2021,11,06,5,51,35,817
2021,11,06,5,51,57,599
2021,11,06,5,52,19,983
2021,11,06,5,52,41,735
2021,11,06,5,53,8,893
2021,11,06,5,53,25,895
2021,11,06,5,53,47,656
2021,11,06,5,54,10,58
2021,11,06,5,54,37,655
2021,11,06,5,54,54,218
2021,11,06,5,55,15,977
2021,11,06,5,55,37,754
2021,11,06,5,56,0,135
2021,11,06,5,56,21,899
2021,11,06,5,56,50,355
2021,11,06,5,57,6,55
2021,11,06,5,57,33,513
2021,11,06,5,57,50,217
2021,11,06,5,58,11,995
2021,11,06,5,58,35,595
2021,11,06,5,58,56,151
2021,11,06,5,59,17,911
2021,11,06,5,59,40,299
2021,11,06,6,0,2,59
2021,11,06,6,0,24,471
2021,11,06,6,0,46,234
2021,11,06,6,1,7,979
2021,11,06,6,1,30,377
2021,11,06,6,1,52,151
2021,11,06,6,2,14,539
2021,11,06,6,2,36,298
2021,11,06,6,2,58,71
2021,11,06,6,3,20,459
2021,11,06,6,3,42,219
2021,11,06,6,4,3,979
2021,11,06,6,4,26,379
2021,11,06,6,4,48,139
2021,11,06,6,5,16,323
2021,11,06,6,5,32,311
2021,11,06,6,5,59,243
2021,11,06,6,6,16,467
2021,11,06,6,6,45,283
2021,11,06,6,7,1,258
2021,11,06,6,7,22,379
2021,11,06,6,7,44,135
2021,11,06,6,8,6,537
2021,11,06,6,8,28,299
2021,11,06,6,8,57,127
2021,11,06,6,9,12,471
2021,11,06,6,9,34,218
2021,11,06,6,9,56,619
2021,11,06,6,10,18,395
2021,11,06,6,10,46,475
2021,11,06,6,11,2,538
2021,11,06,6,11,30,83
2021,11,06,6,11,46,699
2021,11,06,6,12,8,459
2021,11,06,6,12,35,987
2021,11,06,6,12,52,631
2021,11,06,6,13,14,379
2021,11,06,6,13,43,115
2021,11,06,6,13,58,551
2021,11,06,6,14,20,937
2021,11,06,6,14,42,699
2021,11,06,6,15,4,458
2021,11,06,6,15,26,859
2021,11,06,6,15,48,618
2021,11,06,6,16,11,19
2021,11,06,6,16,32,791
2021,11,06,6,16,54,539
2021,11,06,6,17,22,643
2021,11,06,6,17,38,711
2021,11,06,6,18,6,154
2021,11,06,6,18,22,859
2021,11,06,6,18,49,659
2021,11,06,6,19,7,19
2021,11,06,6,19,28,779
2021,11,06,6,19,51,179
2021,11,06,6,20,12,951
2021,11,06,6,20,34,699
2021,11,06,6,20,57,95
2021,11,06,6,21,18,879
2021,11,06,6,21,45,195
2021,11,06,6,22,3,18
2021,11,06,6,22,24,776
2021,11,06,6,22,52,239
2021,11,06,6,23,8,935
2021,11,06,6,23,37,779
2021,11,06,6,23,53,111
2021,11,06,6,24,14,859
2021,11,06,6,24,42,262
2021,11,06,6,24,59,31
2021,11,06,6,25,21,419
2021,11,06,6,25,43,179
2021,11,06,6,26,4,938
2021,11,06,6,26,32,395
2021,11,06,6,26,49,99
2021,11,06,6,27,11,499
2021,11,06,6,27,33,271
2021,11,06,6,27,55,18
2021,11,06,6,28,21,267
2021,11,06,6,28,39,191
2021,11,06,6,29,6,187
2021,11,06,6,29,23,339
2021,11,06,6,29,45,96
2021,11,06,6,30,7,499
2021,11,06,6,30,33,403
2021,11,06,6,30,51,658
2021,11,06,6,31,18,475
2021,11,06,6,31,35,194
2021,11,06,6,31,57,579
2021,11,06,6,32,19,351
2021,11,06,6,32,47,435
2021,11,06,6,33,3,499
2021,11,06,6,33,31,43
2021,11,06,6,33,47,659
2021,11,06,6,34,9,419
2021,11,06,6,34,31,179
2021,11,06,6,34,57,867
2021,11,06,6,35,15,339
2021,11,06,6,35,42,795
2021,11,06,6,35,59,511
2021,11,06,6,36,21,259
2021,11,06,6,36,50,82
2021,11,06,6,37,5,419
2021,11,06,6,37,27,819
2021,11,06,6,37,50,795
2021,11,06,6,38,11,337
2021,11,06,6,38,38,955
2021,11,06,6,38,55,495
2021,11,06,6,39,17,896
2021,11,06,6,39,39,671
2021,11,06,6,40,1,419
2021,11,06,6,40,23,819
2021,11,06,6,40,45,579
2021,11,06,6,41,13,361
2021,11,06,6,41,29,739
2021,11,06,6,41,51,496
2021,11,06,6,42,13,911
2021,11,06,6,42,35,659
2021,11,06,6,42,58,59
2021,11,06,6,43,19,834
2021,11,06,6,43,48,555
2021,11,06,6,44,3,979
2021,11,06,6,44,25,740
2021,11,06,6,44,48,139
2021,11,06,6,45,9,899
2021,11,06,6,45,31,658
2021,11,06,6,45,54,75
2021,11,06,6,46,15,819
2021,11,06,6,46,44,435
2021,11,06,6,46,59,991
2021,11,06,6,47,21,739
2021,11,06,6,47,44,138
2021,11,06,6,48,5,896
2021,11,06,6,48,33,931
2021,11,06,6,48,50,57
2021,11,06,6,49,17,358
2021,11,06,6,49,34,232
2021,11,06,6,49,55,977
2021,11,06,6,50,23,435
2021,11,06,6,50,40,151
2021,11,06,6,51,1,899
2021,11,06,6,51,29,562
2021,11,06,6,51,46,57
2021,11,06,6,52,7,831
2021,11,06,6,52,35,611
2021,11,06,6,52,52,23
2021,11,06,6,53,14,391
2021,11,06,6,53,36,139
2021,11,06,6,53,57,899
2021,11,06,6,54,20,311
2021,11,06,6,54,42,57
2021,11,06,6,55,10,883
2021,11,06,6,55,26,219
2021,11,06,6,55,54,875
2021,11,06,6,56,10,379
2021,11,06,6,56,32,139
2021,11,06,6,56,54,551
2021,11,06,6,57,16,299
2021,11,06,6,57,38,57
2021,11,06,6,58,4,947
2021,11,06,6,58,22,219
2021,11,06,6,58,50,319
2021,11,06,6,59,6,377
2021,11,06,6,59,33,747
2021,11,06,6,59,50,539
2021,11,06,7,0,12,299
2021,11,06,7,0,39,843
2021,11,06,7,0,56,457
2021,11,06,7,1,18,219
2021,11,06,7,1,40,631
2021,11,06,7,2,2,379
2021,11,06,7,2,24,779
2021,11,06,7,2,46,539
2021,11,06,7,3,8,311
2021,11,06,7,3,37,35
2021,11,06,7,3,52,457
2021,11,06,7,4,20,555
2021,11,06,7,4,36,619
2021,11,06,7,5,5,355
2021,11,06,7,5,20,791
2021,11,06,7,5,42,538
2021,11,06,7,6,11,107
2021,11,06,7,6,26,698
2021,11,06,7,6,48,475
2021,11,06,7,7,16,567
2021,11,06,7,7,32,619
2021,11,06,7,8,1,446
2021,11,06,7,8,16,779
2021,11,06,7,8,38,538
2021,11,06,7,9,4,831
2021,11,06,7,9,22,699
2021,11,06,7,9,50,243
2021,11,06,7,10,6,857
2021,11,06,7,10,28,631
2021,11,06,7,10,56,539
2021,11,06,7,11,12,779
2021,11,06,7,11,35,829
2021,11,06,7,11,56,943
2021,11,06,7,12,18,698
2021,11,06,7,12,47,439
2021,11,06,7,13,2,857
2021,11,06,7,13,27,523
2021,11,06,7,13,47,19
2021,11,06,7,14,8,791
2021,11,06,7,14,31,179
2021,11,06,7,14,52,939
2021,11,06,7,15,20,666
2021,11,06,7,15,37,99
2021,11,06,7,15,58,857
2021,11,06,7,16,21,271
2021,11,06,7,16,43,19
2021,11,06,7,17,4,779
2021,11,06,7,17,32,874
2021,11,06,7,17,48,951
2021,11,06,7,18,16,890
2021,11,06,7,18,33,98
2021,11,06,7,18,55,699
2021,11,06,7,19,23,683
2021,11,06,7,19,39,18
2021,11,06,7,20,1,835
2021,11,06,7,20,29,119
2021,11,06,7,20,44,939
2021,11,06,7,21,13,123
2021,11,06,7,21,29,115
2021,11,06,7,21,51,499
2021,11,06,7,22,13,257
2021,11,06,7,22,35,32
2021,11,06,7,22,57,415
2021,11,06,7,23,19,175
2021,11,06,7,23,47,543
2021,11,06,7,24,3,339
2021,11,06,7,24,30,939
2021,11,06,7,24,47,498
2021,11,06,7,25,9,275
2021,11,06,7,25,37,47
2021,11,06,7,25,53,417
2021,11,06,7,26,15,199
2021,11,06,7,26,43,275
2021,11,06,7,26,59,339
2021,11,06,7,27,27,433
2021,11,06,7,27,43,499
2021,11,06,7,28,5,255
2021,11,06,7,28,27,662
2021,11,06,7,28,49,431
2021,11,06,7,29,17,623
2021,11,06,7,29,33,578
2021,11,06,7,29,55,351
2021,11,06,7,30,17,743
2021,11,06,7,30,39,507
2021,11,06,7,31,1,915
2021,11,06,7,31,23,659
2021,11,06,7,31,45,419
2021,11,06,7,32,7,819
2021,11,06,7,32,29,591
2021,11,06,7,32,58,131
2021,11,06,7,33,13,747
2021,11,06,7,33,35,510
2021,11,06,7,33,57,899
2021,11,06,7,34,19,655
2021,11,06,7,34,48,495
2021,11,06,7,35,3,815
2021,11,06,7,35,25,575
2021,11,06,7,35,54,955
2021,11,06,7,36,9,751
2021,11,06,7,36,31,495
2021,11,06,7,37,0,487
2021,11,06,7,37,15,671
2021,11,06,7,37,43,115
2021,11,06,7,37,59,819
2021,11,06,7,38,21,579
2021,11,06,7,38,47,867
2021,11,06,7,39,5,735
2021,11,06,7,39,33,299
2021,11,06,7,39,49,911
2021,11,06,7,40,11,657
2021,11,06,7,40,40,595
2021,11,06,7,40,55,831
2021,11,06,7,41,24,120
2021,11,06,7,41,39,979
2021,11,06,7,42,1,735
2021,11,06,7,42,29,19
2021,11,06,7,42,45,895
2021,11,06,7,43,8,299
2021,11,06,7,43,30,71
2021,11,06,7,43,58,154
2021,11,06,7,44,14,215
2021,11,06,7,44,41,747
2021,11,06,7,44,58,375
2021,11,06,7,45,20,135
2021,11,06,7,45,48,339
2021,11,06,7,46,4,299
2021,11,06,7,46,26,55
2021,11,06,7,46,53,982
2021,11,06,7,47,10,231
2021,11,06,7,47,31,979
2021,11,06,7,48,1,3
2021,11,06,7,48,16,154
2021,11,06,7,48,43,562
2021,11,06,7,49,0,298
2021,11,06,7,49,22,59
2021,11,06,7,49,49,707
2021,11,06,7,50,6,215
2021,11,06,7,50,28,619
2021,11,06,7,50,50,391
2021,11,06,7,51,12,135
2021,11,06,7,51,34,535
2021,11,06,7,51,56,311
2021,11,06,7,52,24,394
2021,11,06,7,52,40,455
2021,11,06,7,53,7,179
2021,11,06,7,53,24,615
2021,11,06,7,53,46,378
2021,11,06,7,54,8,139
2021,11,06,7,54,36,143
2021,11,06,7,54,52,299
2021,11,06,7,55,22,319
2021,11,06,7,55,36,471
2021,11,06,7,56,4,254
2021,11,06,7,56,20,663
2021,11,06,7,56,42,378
2021,11,06,7,57,4,775
2021,11,06,7,57,26,538
2021,11,06,7,57,48,295
2021,11,06,7,58,17,39
2021,11,06,7,58,32,455
2021,11,06,7,59,0,640
2021,11,06,7,59,16,630
2021,11,06,7,59,38,379
2021,11,06,8,0,6,579
2021,11,06,8,0,22,538
2021,11,06,8,0,51,275
2021,11,06,8,1,6,695
2021,11,06,8,1,28,459
2021,11,06,8,1,50,871
2021,11,06,8,2,12,618
2021,11,06,8,2,35,861
2021,11,06,8,2,56,791
2021,11,06,8,3,18,535
2021,11,06,8,3,45,523
2021,11,06,8,4,2,695
2021,11,06,8,4,29,515
2021,11,06,8,4,46,855
2021,11,06,8,5,8,615
2021,11,06,8,5,31,35
2021,11,06,8,5,52,775
2021,11,06,8,6,15,175
2021,11,06,8,6,36,954
2021,11,06,8,6,58,698
2021,11,06,8,7,25,83
2021,11,06,8,7,42,858
2021,11,06,8,8,9,155
2021,11,06,8,8,27,15
2021,11,06,8,8,52,629
2021,11,06,8,9,11,190
2021,11,06,8,9,32,947
2021,11,06,8,10,0,399
2021,11,06,8,10,17,111
2021,11,06,8,10,38,855
2021,11,06,8,11,6,955
2021,11,06,8,11,23,16
2021,11,06,8,11,51,243
2021,11,06,8,12,7,175
2021,11,06,8,12,28,935
2021,11,06,8,12,56,891
2021,11,06,8,13,13,98
2021,11,06,8,13,35,495
2021,11,06,8,14,2,827
2021,11,06,8,14,19,19
2021,11,06,8,14,41,415
2021,11,06,8,15,3,195
2021,11,06,8,15,30,327
2021,11,06,8,15,47,339
2021,11,06,8,16,9,99
2021,11,06,8,16,36,643
2021,11,06,8,16,53,259
2021,11,06,8,17,15,657
2021,11,06,8,17,37,435
2021,11,06,8,18,5,675
2021,11,06,8,18,21,575
2021,11,06,8,18,48,395
2021,11,06,8,19,5,739
2021,11,06,8,19,27,499
2021,11,06,8,19,55,79
2021,11,06,8,20,11,675
2021,11,06,8,20,33,419
2021,11,06,8,21,2,183
2021,11,06,8,21,17,594
2021,11,06,8,21,39,975
2021,11,06,8,22,1,739
2021,11,06,8,22,23,507
2021,11,06,8,22,45,271
2021,11,06,8,23,7,658
2021,11,06,8,23,29,419
2021,11,06,8,23,58,154
2021,11,06,8,24,13,574
2021,11,06,8,24,35,339
2021,11,06,8,25,3,731
2021,11,06,8,25,19,499
2021,11,06,8,25,47,703
2021,11,06,8,26,3,658
2021,11,06,8,26,25,435
2021,11,06,8,26,53,44
2021,11,06,8,27,9,575
2021,11,06,8,27,31,999
2021,11,06,8,27,53,735
2021,11,06,8,28,15,495
2021,11,06,8,28,37,911
2021,11,06,8,28,59,655
2021,11,06,8,29,28,395
2021,11,06,8,29,43,818
2021,11,06,8,30,5,591
2021,11,06,8,30,27,979
2021,11,06,8,30,49,739
2021,11,06,8,31,12,154
2021,11,06,8,31,33,895
2021,11,06,8,31,55,659
2021,11,06,8,32,24,399
2021,11,06,8,32,39,819
2021,11,06,8,33,7,915
2021,11,06,8,33,23,979
2021,11,06,8,33,53,355
2021,11,06,8,34,8,135
2021,11,06,8,34,29,895
2021,11,06,8,34,57,914
2021,11,06,8,35,14,55
2021,11,06,8,35,41,687
2021,11,06,8,35,58,231
2021,11,06,8,36,19,979
2021,11,06,8,36,47,723
2021,11,06,8,37,4,183
2021,11,06,8,37,25,911
2021,11,06,8,37,54,179
2021,11,06,8,38,10,59
2021,11,06,8,38,39,667
2021,11,06,8,38,54,218
2021,11,06,8,39,15,979
2021,11,06,8,39,44,803
2021,11,06,8,40,0,139
2021,11,06,8,40,27,582
2021,11,06,8,40,44,299
2021,11,06,8,41,6,75
2021,11,06,8,41,33,907
2021,11,06,8,41,50,216
2021,11,06,8,42,11,995
2021,11,06,8,42,40,771
2021,11,06,8,42,56,139
2021,11,06,8,43,24,166
2021,11,06,8,43,40,295
2021,11,06,8,44,7,23
2021,11,06,8,44,24,455
2021,11,06,8,44,46,230
2021,11,06,8,45,8,619
2021,11,06,8,45,30,379
2021,11,06,8,45,52,149
2021,11,06,8,46,14,539
2021,11,06,8,46,36,295
2021,11,06,8,47,4,395
2021,11,06,8,47,20,459
2021,11,06,8,47,42,218
2021,11,06,8,48,4,614
2021,11,06,8,48,26,395
2021,11,06,8,48,53,331
2021,11,06,8,49,10,539
2021,11,06,8,49,32,311
2021,11,06,8,49,54,694
2021,11,06,8,50,16,458
2021,11,06,8,50,44,558
2021,11,06,8,51,0,615
2021,11,06,8,51,22,374
2021,11,06,8,51,44,778
2021,11,06,8,52,6,555
2021,11,06,8,52,34,891
2021,11,06,8,52,50,698
2021,11,06,8,53,18,195
2021,11,06,8,53,34,859
2021,11,06,8,53,56,619
2021,11,06,8,54,25,441
2021,11,06,8,54,40,775
2021,11,06,8,55,9,518
2021,11,06,8,55,24,935
2021,11,06,8,55,46,715
2021,11,06,8,56,16,551
2021,11,06,8,56,30,855
2021,11,06,8,56,52,634
2021,11,06,8,57,21,51
2021,11,06,8,57,36,775
2021,11,06,8,57,58,536
2021,11,06,8,58,26,635
2021,11,06,8,58,42,699
2021,11,06,8,59,10,154
2021,11,06,8,59,26,871
2021,11,06,8,59,54,315
2021,11,06,9,0,11,19
2021,11,06,9,0,32,791
2021,11,06,9,1,0,753
2021,11,06,9,1,16,937
2021,11,06,9,1,39,915
2021,11,06,9,2,1,98
2021,11,06,9,2,22,859
2021,11,06,9,2,46,479
2021,11,06,9,3,7,35
2021,11,06,9,3,28,779
2021,11,06,9,3,56,667
2021,11,06,9,4,12,949
2021,11,06,9,4,35,338
2021,11,06,9,5,4,227
2021,11,06,9,5,18,854
2021,11,06,9,5,41,259
2021,11,06,9,6,3,15
2021,11,06,9,6,25,467
2021,11,06,9,6,47,191
2021,11,06,9,7,15,931
2021,11,06,9,7,31,335
2021,11,06,9,7,53,111
2021,11,06,9,8,15,499
2021,11,06,9,8,37,259
2021,11,06,9,9,5,995
2021,11,06,9,9,21,415
2021,11,06,9,9,43,175
2021,11,06,9,10,5,593
2021,11,06,9,10,27,355
2021,11,06,9,10,56,131
2021,11,06,9,11,11,499
2021,11,06,9,11,33,271
2021,11,06,9,11,55,659
2021,11,06,9,12,17,417
2021,11,06,9,12,46,0
2021,11,06,9,13,1,575
2021,11,06,9,13,23,595
2021,11,06,9,13,51,31
2021,11,06,9,14,7,514
2021,11,06,9,14,29,259
2021,11,06,9,14,56,943
2021,11,06,9,15,13,429
2021,11,06,9,15,35,175
2021,11,06,9,16,2,762
2021,11,06,9,16,19,335
2021,11,06,9,16,41,735
2021,11,06,9,17,3,499
2021,11,06,9,17,31,923
2021,11,06,9,17,47,683
2021,11,06,9,18,15,755
2021,11,06,9,18,31,815
2021,11,06,9,18,53,589
2021,11,06,9,19,15,337
2021,11,06,9,19,45,507
2021,11,06,9,19,59,498
2021,11,06,9,20,29,515
2021,11,06,9,20,43,659
2021,11,06,9,21,12,395
2021,11,06,9,21,27,831
2021,11,06,9,21,49,575
2021,11,06,9,22,11,991
2021,11,06,9,22,33,755
2021,11,06,9,23,0,427
2021,11,06,9,23,17,895
2021,11,06,9,23,39,659
2021,11,06,9,24,2,55
2021,11,06,9,24,23,819
2021,11,06,9,24,45,579
2021,11,06,9,25,7,991
2021,11,06,9,25,29,739
2021,11,06,9,25,57,579
2021,11,06,9,26,13,911
2021,11,06,9,26,35,663
2021,11,06,9,27,2,923
2021,11,06,9,27,19,819
2021,11,06,9,27,42,215
2021,11,06,9,28,3,975
2021,11,06,9,28,32,75
2021,11,06,9,28,48,151
2021,11,06,9,29,9,899
2021,11,06,9,29,32,295
2021,11,06,9,29,54,75
2021,11,06,9,30,15,831
2021,11,06,9,30,38,218
2021,11,06,9,30,59,979
2021,11,06,9,31,28,134
2021,11,06,9,31,44,139
2021,11,06,9,32,6,547
2021,11,06,9,32,33,455
2021,11,06,9,32,50,59
2021,11,06,9,33,12,459
2021,11,06,9,33,34,231
2021,11,06,9,34,2,953
2021,11,06,9,34,18,375
2021,11,06,9,34,40,135
2021,11,06,9,35,9,635
2021,11,06,9,35,24,295
2021,11,06,9,35,46,55
2021,11,06,9,36,8,470
2021,11,06,9,36,30,215
2021,11,06,9,36,57,823
2021,11,06,9,37,14,395
2021,11,06,9,37,36,139
2021,11,06,9,38,4,131
2021,11,06,9,38,20,297
2021,11,06,9,38,47,831
2021,11,06,9,39,4,455
2021,11,06,9,39,26,215
