2474
2489
1208
1850
2477
2499
2490
1189
685
1219
1833
1848
2501
1221
1272
1848
1849
2474
1206
1279
1195
1065
2500
1221
510
1209
1272
2475
1211
801
3114
1209
1861
2489
2489
1209
1270
1833
2487
2497
1193
632
1207
640
2487
1211
1269
1193
808
2489
3097
1850
961
1849
896
3138
1859
1833
2484
2489
1196
957
1211
1121
2488
1211
632
1829
2489
2491
1192
632
2502
1222
753
570
1268
1842
569
265
2472
1211
968
1221
2488
2500
1220
1247
567
1271
1832
561
806
3131
1835
1852
2487
2472
1212
1825
2476
1208
1267
1848
554
3023
1220
799
2489
1210
543
2489
2495
1223
1834
1847
565
589
1211
1281
3115
1847
1275
1223
1833
2407
1223
624
2489
1208
700
1208
524
2489
1195
1279
2489
556
2706
1858
2472
1209
617
564
1835
1276
1854
1833
2491
1208
944
1848
2500
581
1269
2579
1221
1032
2489
1209
2604
567
327
1848
2480
568
1257
2471
2488
1211
1157
1851
567
629
2473
2495
709
2622
1848
2498
2243
1209
642
1849
2461
2499
1219
789
1851
569
1069
1209
560
1171
2475
3140
1855
2472
2489
1208
869
2474
1210
2458
1193
901
3096
1839
1849
2496
2473
1210
1848
1849
3113
1208
1858
2472
2491
1209
1025
1851
3139
1210
541
1206
1159
2475
3134
1858
2490
2490
1209
629
1155
1278
571
1270
2485
1208
2488
2489
1209
781
1192
1271
2484
1195
629
564
2422
2490
1209
1268
2477
1209
1269
562
554
2495
1220
821
1855
579
661
568
547
1191
1269
1859
2484
2480
1210
873
1835
2493
568
871
2491
1209
937
2447
1208
959
2477
3142
1218
898
3143
1860
2486
2491
1209
1857
223
2489
2489
1193
1843
1194
1849
1219
1209
1209
2473
1210
567
1193
1035
1284
1849
1270
1209
637
548
709
1731
563
2197
2499
1219
2782
2490
1219
1184
1849
895
2473
1211
873
2488
568
547
1219
540
2492
2489
1190
554
568
1270
2488
484
1269
2476
1209
1266
1837
2489
1205
1846
1849
2508
1220
688
1852
1269
2477
1205
1832
2487
1196
558
2489
2474
1210
1860
1270
1849
1854
2489
1196
997
2491
2473
1210
1855
2477
1209
1050
2490
1193
750
571
368
571
533
2474
1209
1281
1845
553
661
569
2605
2492
1207
545
1849
1281
1849
2476
2499
1219
629
1206
3189
2475
1209
1270
2489
1834
557
569
469
2491
1209
951
2489
1209
1270
2473
2501
1219
1833
1850
1280
2474
1209
726
1222
1117
1210
1859
2474
569
1301
1833
2490
1209
1269
1193
786
2480
1193
645
2499
2473
1212
557
1849
2473
3136
805
2474
2492
1206
1852
1272
2502
579
2833
1849
1860
563
998
2500
2473
1209
1850
2489
452
2691
2491
1194
560
1210
2487
2490
1209
478
1194
1279
2490
1193
1141
2499
1219
798
1206
927
2473
1209
1269
1834
2489
1210
1850
2478
569
640
1195
1021
1859
2469
569
1270
1219
573
2500
2491
1196
1849
785
1194
1847
579
1825
2442
1209
1269
1833
357
1859
3113
1210
1296
2475
1210
1849
223
1834
953
1856
2473
569
617
2473
1209
1198
1849
2473
2454
1219
1833
1849
569
1111
1206
1855
1059
2473
3141
1220
1833
857
1860
2489
2490
1210
1118
1193
1272
1219
961
1210
1859
579
630
1850
1270
555
825
2490
1193
338
2499
1220
629
1210
1203
1836
2489
3130
879
789
1848
1280
2491
511
2461
1190
1849
1859
2473
569
1056
1220
764
1216
1271
1193
873
1219
1835
1850
569
829
2490
1209
1272
553
1281
2489
1197
1271
1859
2485
2489
1205
1859
1269
569
902
1839
570
512
2485
2489
1209
767
2473
1209
557
2474
1209
710
1850
1849
571
1079
1834
2116
869
1269
1850
1279
1220
2881
2499
1860
1833
2492
1209
2760
2490
569
1266
553
792
1859
1833
569
1118
2473
1209
2500
2489
1182
1355
1220
233
2489
1209
959
1850
2500
581
557
1849
2490
1193
1269
1208
1024
1207
1850
855
1198
2491
2489
1193
632
1859
2490
566
1048
2441
1194
1270
2490
1194
1831
1209
1070
1849
2499
2477
1193
1846
758
2474
2489
1209
1269
1849
2496
1221
2546
1845
2549
563
1115
1210
1849
228
1209
935
3117
1849
1279
1193
1271
1859
1834
2490
1209
1118
1193
885
2489
1194
421
2501
1220
966
2499
2487
1194
630
1219
3136
2490
1209
1270
3130
1850
629
1834
2474
2490
1192
629
1860
2490
2501
915
592
1193
573
2489
1194
1182
1215
1849
1260
1209
1208
1833
2485
3130
868
934
1860
2483
2493
1205
848
1833
570
951
1194
1901
1209
1850
557
1209
880
1833
569
645
2475
2495
1207
2752
569
2461
1219
1833
2489
2490
1193
777
1859
2492
2490
1209
873
1834
570
502
2474
1210
1276
1850
1851
2499
2442
1182
781
1220
2473
2489
1209
630
1849
2495
1215
629
2489
2489
1193
922
2500
1219
558
1207
639
2473
1209
1164
2473
1205
1271
1851
1849
2499
1220
1270
1849
1860
2473
1209
640
1849
2483
3140
1860
1833
2489
1214
990
1210
677
1218
1833
1850
2489
2469
1209
1865
2473
1211
823
228
2430
1210
1022
1834
625
1210
1269
1209
1849
542
1196
1109
2489
1193
1270
3126
1195
1270
1849
1072
1822
1850
2490
1198
437
1210
639
2490
1210
336
2475
2500
1220
1270
1857
2500
2475
1198
1850
2658
1193
933
1860
2474
569
2466
1834
570
1178
2490
1204
642
2490
1193
1066
2499
2473
2228
1587
1849
554
998
1216
1833
878
848
1270
2442
1209
1434
553
2527
1840
567
629
1859
580
1270
1845
1166
1830
2491
569
1269
1850
2498
772
630
1210
632
553
584
1860
563
1272
2505
1221
570
1850
726
1826
2490
2490
1182
1270
1209
1850
1178
1209
1281
2478
1210
1821
2474
2490
1210
632
570
1270
580
630
2487
2490
1194
1109
2500
1220
646
570
1270
2474
1214
1270
1834
2488
569
1150
2486
1206
1856
1181
1850
854
564
1142
1856
2475
1210
1850
2486
3114
1850
1859
2474
1210
1910
2490
2486
1210
2492
2475
569
552
1194
1824
1281
692
698
570
640
2475
1210
718
2474
1210
806
1853
2491
1206
1825
2474
1202
553
1195
234
2500
1220
1188
2500
1220
1273
1851
2500
2474
1205
640
1850
1270
1210
1280
1208
1850
2501
2474
1210
1314
2486
1195
1082
1217
791
2491
1210
1271
2490
2501
1216
1834
1848
2442
3120
1850
2500
2475
1210
1043
2486
1194
1280
2487
2476
1206
1856
2462
1848
568
580
1214
2496
1220
1834
1848
2500
2474
1210
2496
2487
1195
918
1861
2475
570
1280
1835
2491
1208
1208
2474
2496
1217
400
1850
3082
3114
1850
2497
2486
1194
806
2487
1194
759
566
947
2487
1208
640
1196
1833
1857
2475
570
558
2470
566
630
976
2474
1207
880
2181
570
632
1216
812
1211
783
1194
1280
2491
1194
558
1860
1834
2443
1207
392
1834
2443
3130
1834
1846
2499
1217
1833
2498
2487
1194
1847
2487
3115
1211
1860
2486
2487
1207
257
1194
375
1858
3110
1207
1280
1217
2679
1846
1032
1194
1456
1282
1195
839
1857
576
742
1846
542
1834
2490
2486
1195
2487
2500
465
1271
3136
1856
2463
1206
2495
564
1281
1211
1199
1208
1850
2486
2475
1208
929
2475
1207
873
1216
634
2496
1217
631
2487
2491
1194
1847
1027
1216
758
566
1234
2475
3136
1216
1834
2506
2500
1220
1833
1207
758
2474
1213
794
2474
1207
1270
2488
2489
1207
1857
2727
1850
2855
2475
1210
225
1217
1199
1846
2487
2471
1211
2496
2475
1209
271
1217
1835
2500
1217
631
1208
823
2474
2487
2498
1221
1834
1846
2487
554
545
570
631
1850
775
1848
553
791
1854
1042
3125
1207
792
1207
1296
1847
2475
2497
1219
1267
1847
2501
2482
1211
471
2487
1192
319
2490
3115
1846
2496
2475
562
3104
1220
1835
1847
2487
555
2463
1862
1231
1207
1103
2496
1195
1155
2491
2471
1208
1857
1835
567
575
336
631
744
2487
1190
627
1207
1914
2490
1207
461
2475
3137
1861
951
1848
2497
565
2475
1848
935
1195
1281
2487
1210
2945
1207
2480
1847
3137
2490
1194
663
568
1271
1847
567
251
1228
1277
1213
1271
2496
1217
2475
2487
1210
1103
1210
1833
1847
2471
2497
1217
2471
2487
1207
631
1846
2499
2489
1191
1135
2488
1195
951
2497
3114
1847
2498
2491
1195
536
1221
1836
1847
2500
565
575
1847
1281
2471
2499
1221
2475
2491
1207
2751
1207
559
578
2782
2487
566
631
1207
1762
1848
679
3137
1218
1835
2479
2488
1195
1112
2497
1217
2793
1206
393
1195
1126
1857
1835
1215
2599
1218
823
1849
567
2806
3137
1217
1830
2487
2497
1217
627
1216
640
2472
1207
2463
1831
3127
3127
1847
2745
1207
312
1194
438
2487
1195
1847
2473
2487
2488
1210
2279
1195
1847
2498
3115
993
1281
1218
2475
2497
1219
1271
2487
570
1082
1851
519
1847
2471
375
1849
1839
567
1832
1835
2488
3126
1217
1835
1847
3127
1833
1847
2501
2475
1211
1281
1846
3115
1207
1857
1835
2486
1207
2715
1851
568
449
2475
2498
1859
2467
2483
1211
942
1851
2501
577
490
2497
1219
2471
2490
1207
287
1211
1273
2489
1191
3191
3114
1835
2488
2496
2475
1192
1847
1849
3115
1207
1858
2475
2487
1207
1846
1847
566
552
1197
504
1241
2462
2498
1857
2491
2488
1207
1179
1835
2487
2487
1191
1271
1214
1183
2487
1207
1209
2475
1207
1271
2474
1848
1207
1847
1847
2498
2487
1195
1847
633
1194
631
567
657
1847
2497
2487
1195
1847
1861
557
1111
1211
1850
1267
1210
526
1195
1847
683
2475
2487
1206
1848
631
2496
2487
1195
1847
559
1195
1078
1857
2489
567
903
1216
1271
2472
2486
950
1270
1207
553
2487
1207
1856
768
1846
631
2477
1207
1195
2487
566
1280
1220
475
2490
2490
1195
1851
2497
1217
944
3137
1859
1834
2487
2487
1191
1271
1857
3125
3126
1847
2488
2471
1207
770
1835
2487
2498
1220
694
1208
797
2474
1208
630
2475
1206
1064
2488
1195
935
2445
2475
1208
1857
2474
1208
1823
1217
711
1847
2486
2475
1206
1859
2478
1846
630
1219
718
2497
1216
543
1848
2499
3131
1847
1856
2489
1195
1280
1658
1270
1207
753
1834
1208
810
1218
1830
619
1219
1179
1206
1859
514
1207
543
2491
1195
807
567
1198
1842
1210
1267
1208
863
1847
2475
2496
1217
999
2487
1858
1834
2486
1207
1271
1194
775
567
1009
2473
567
240
1027
1206
553
2470
2496
1218
1833
1856
276
1002
1206
1126
2487
1191
940
3131
1840
1270
1206
1272
1846
2500
3123
1194
522
1217
1835
1843
2488
1190
1846
2513
2486
1194
814
1851
2475
2486
1210
1810
1210
1850
1270
2229
1210
1018
1834
1270
1215
1846
2438
1210
2447
2474
1209
2990
1834
425
1207
1850
809
2501
2486
1196
1271
1223
2479
2506
1210
1168
2485
1210
2723
2180
912
981
1831
664
2497
1216
1080
2500
2486
1194
1850
2490
1204
633
1210
736
1850
2496
1216
2642
568
1266
1197
930
3084
1847
1850
2496
1223
1266
1850
2465
2476
1205
1178
1216
632
1852
2486
2475
1209
376
2474
1210
1104
1850
1271
1850
3130
1190
1850
1863
2475
1209
1062
1218
522
1210
555
2474
1200
1278
3116
1850
630
1223
2422
2509
1222
774
2486
572
2683
3126
1209
1832
228
1846
566
541
2486
2488
1190
472
1211
1283
2486
1206
516
2470
1206
1242
2473
2490
1206
1838
2480
2499
1216
1913
2492
1208
336
1206
523
2487
1190
463
2490
3106
1850
2516
2476
1210
643
1846
2473
3137
1858
1830
2490
1206
628
1848
1279
578
1272
2499
1221
713
569
458
2475
1206
985
3085
1834
3006
1216
1044
2489
1206
542
1206
1283
2485
1192
877
3134
1829
573
1855
1339
1209
722
1852
2474
2497
1216
1835
1845
1212
1271
1846
2496
2491
1190
1134
1858
2474
2491
1209
1266
1852
3144
2487
1192
1014
641
1230
3138
1857
2466
1209
1909
2490
1190
805
2490
1190
294
1210
1849
1270
1221
640
558
1272
2489
1197
754
570
1269
2486
568
628
2470
1205
849
2475
567
1757
1853
1847
2500
2438
1195
614
1862
2473
2488
1209
1269
1849
2501
2473
1190
599
1857
1766
2487
1211
784
1210
952
1050
2470
1206
401
2487
1212
505
2492
3130
1209
264
1184
1272
1862
2475
1210
1118
1849
1282
1209
630
1837
2489
2476
1190
758
1860
2486
2490
1205
1858
1836
565
896
2474
1204
822
2488
2490
1210
1269
1835
2486
2492
1189
2476
2496
1216
570
568
599
2450
2488
2488
1193
1274
1862
580
1150
1850
2489
2475
1209
482
2470
1208
736
578
554
2499
1223
